0.0091537238
0.0092160476
0.0088423809
0.0079766175
0.0083020523
0.0084895552
0.0080843128
0.0086778598
0.0090488659
0.0083516459
0.0084430138
0.0082839171
0.0083410214
0.0081390904
0.0081980012
0.0077401239
0.0074392205
0.0068975939
0.0071202169
0.0071118237
0.0070530378
0.0076426759
0.0079040790
0.0080126330
0.0078568019
0.0080060261
0.0071757922
0.0070360097
0.0076910685
0.0079048081
0.0076556784
0.0075363887
0.0075779249
0.0080656959
0.0083771862
0.0088706968
0.0093566381
0.0086575257
0.0085981501
0.0089128221
0.0084191611
0.0089357229
0.0089037061
0.0088509063
0.0086221081
0.0089626947
0.0086523926
0.0084199106
0.0090177660
0.0087179636
0.0093543593
0.0090489655
0.0092686445
0.0089004997
0.0088361839
0.0091895441
0.0090542208
0.0087602418
0.0090983784
0.0094792534
0.0095222177
0.0102409373
0.0101887208
0.0107279128
0.0101907042
0.0106471109
0.0105770860
0.0095904131
0.0092089114
0.0094869045
0.0095840549
0.0095483675
0.0098184849
0.0093104568
0.0096491825
0.0090685837
0.0087085029
0.0092101565
0.0093283529
0.0095838859
0.0091514174
0.0094515692
0.0100057159
0.0098673761
0.0098756487
0.0097677983
0.0101643499
0.0101694481
0.0099985292
0.0093696666
0.0100458097
0.0109661718
0.0114831501
0.0116700724
0.0104339876
0.0110741573
0.0108024048
0.0109616247
0.0106163461
0.0105324773
0.0101115170
0.0098930110
0.0104611250
0.0100875048
0.0107229076
0.0100010714
0.0100939754
0.0097756686
0.0097275784
0.0100077877
0.0094063254
0.0086967657
0.0094232086
0.0093539638
0.0092258906
0.0088289582
0.0086610410
0.0096715406
0.0097592799
0.0101480342
0.0098211059
0.0099356997
0.0097840668
0.0100676471
0.0093918024
0.0098657149
0.0099528194
0.0101857446
0.0099699121
0.0099744798
0.0097897748
0.0091509984
0.0092136703
0.0092711158
0.0092500310
0.0089928253
0.0082830492
0.0080639469
0.0078874860
0.0079295505
0.0075494361
0.0077542093
0.0074213466
0.0077158628
0.0071875925
0.0068671167
0.0074223230
0.0076538644
0.0078674393
0.0079298667
0.0076798396
0.0079924135
0.0082944560
0.0085659114
0.0089933652
0.0090937119
0.0093329258
0.0095852908
0.0101352056
0.0095972610
0.0088098480
0.0095457516
0.0097142703
0.0100206246
0.0096014416
0.0095494806
0.0100207812
0.0097052725
0.0103232664
0.0097832261
0.0095739042
0.0092647648
0.0092461074
0.0094692265
0.0099329526
0.0105593148
0.0098995670
0.0098090866
0.0099312694
0.0092760993
0.0106775483
0.0109259693
0.0113051078
0.0104720218
0.0107078261
0.0112140388
0.0119694583
0.0128435130
0.0118076516
0.0105318154
0.0105595520
0.0111545512
0.0116086313
0.0116289584
0.0116970162
0.0112485379
0.0108170667
0.0108027084
0.0102040574
0.0110532442
0.0105606876
0.0106002053
0.0105734543
0.0105466967
0.0095072108
0.0098645148
0.0098540723
0.0102332053
0.0101716437
0.0096000109
0.0099498887
0.0096849094
0.0097167207
0.0096125209
0.0095030497
0.0095936874
0.0103063528
0.0101238322
0.0095544078
0.0096500138
0.0098738317
0.0096707236
0.0099326540
0.0107662535
0.0105257903
0.0101903703
0.0098348146
0.0099742594
0.0102895991
0.0103059510
0.0098616362
0.0102494242
0.0099601073
0.0095517108
0.0098140464
0.0096859074
0.0099055876
0.0105315382
0.0097412986
0.0102000067
0.0101706308
0.0102795524
0.0093893248
0.0094630474
0.0096276133
0.0098839991
0.0101500788
0.0100086164
0.0094607712
0.0090948159
0.0098344882
0.0100481994
0.0090583855
0.0089519488
0.0096863000
0.0107863594
0.0111070275
0.0106193765
0.0114612594
0.0105485852
0.0100452831
0.0099101133
0.0094198066
0.0093940225
0.0113346633
0.0110271110
0.0102104141
0.0091962003
0.0089677374
0.0084818596
0.0088477998
0.0085988941
0.0091558264
0.0093221552
0.0090284927
0.0096838528
0.0097991707
0.0094424399
0.0094508093
0.0093059784
0.0088806002
0.0087818228
0.0097864572
0.0093688550
0.0098353329
0.0096516652
0.0082783292
0.0090115876
0.0086605377
0.0094382847
0.0098313342
0.0101722056
0.0096133648
0.0095646682
0.0098078375
0.0091862486
0.0093118336
0.0091350451
0.0088986785
0.0091476755
0.0089279736
0.0089899025
0.0092725415
0.0094183361
0.0098881419
0.0097974062
0.0094686591
0.0097187931
0.0099970258
0.0097066115
0.0095484211
0.0094179647
0.0103950926
0.0099749350
0.0093053653
0.0093922012
0.0095846695
0.0093449393
0.0096010293
0.0102937073
0.0100939054
0.0090402158
0.0087392862
0.0086334086
0.0085480394
0.0087826561
0.0082951865
0.0077857163
0.0086167266
0.0088347711
0.0087589241
0.0089188908
0.0092466617
0.0088812164
0.0091559960
0.0094961009
0.0091984739
0.0092545255
0.0098602357
0.0092430227
0.0086921372
0.0089065826
0.0091781575
0.0086447244
0.0090070537
0.0089525049
0.0089401569
0.0092393293
0.0093229612
0.0085903040
0.0085717394
0.0084440981
0.0091289673
0.0088018632
0.0088901613
0.0088782929
0.0089468609
0.0091327811
0.0085825518
0.0082888453
0.0083916697
0.0076090059
0.0080499946
0.0078853122
0.0083167076
0.0086459414
0.0081709457
0.0086153172
0.0083767244
0.0082354125
0.0083230079
0.0086096308
0.0088927079
0.0090006497
0.0092548284
0.0096273999
0.0095200908
0.0090695830
0.0097371331
0.0097691582
0.0105106286
0.0099284721
0.0095417105
0.0099817211
0.0102768079
0.0102645384
0.0103426513
0.0093995667
0.0095374073
0.0095668039
0.0096812489
0.0099343734
0.0103556698
0.0102536512
0.0098636011
0.0101039722
0.0103795932
0.0106629774
0.0101612928
0.0101648134
0.0104237470
0.0102518461
0.0106229077
0.0100885099
0.0103844979
0.0112249955
0.0116595464
0.0121783717
0.0116327020
0.0113092977
0.0115267354
0.0105744093
0.0111424450
0.0100912885
0.0104558057
0.0098825482
0.0100941259
0.0099206485
0.0097289592
0.0095567790
0.0098723461
0.0098105797
0.0102309453
0.0106605126
0.0107803766
0.0102333686
0.0106385782
0.0108822710
0.0112556416
0.0108396134
0.0106814842
0.0098379282
0.0096180470
0.0098799511
0.0095198152
0.0100833355
0.0094036852
0.0098545741
0.0105099625
0.0098840151
0.0105062729
0.0095140457
0.0095907846
0.0098241209
0.0088790427
0.0088992647
0.0085884070
0.0086873146
0.0085306628
0.0080961918
0.0084934107
0.0084806191
0.0091707658
0.0092948936
0.0087643753
0.0086248346
0.0084785054
0.0081357119
0.0085938772
0.0092321155
0.0086597243
0.0087267482
0.0086988449
0.0088717575
0.0089397554
0.0093025633
0.0085772326
0.0078937775
0.0084728944
0.0081244589
0.0082687946
0.0078470162
0.0084931799
0.0091069522
0.0095322854
0.0089161488
0.0088269337
0.0086952284
0.0088466154
0.0092942798
0.0096280823
0.0085975907
0.0084144016
0.0074841038
0.0076057042
0.0075119817
0.0080362605
0.0079713712
0.0082292324
0.0082144496
0.0081364415
0.0082089476
0.0080133386
0.0089737522
0.0093769680
0.0095860454
0.0091700299
0.0089538157
0.0091280814
0.0093133690
0.0094459005
0.0099307603
0.0094451953
0.0092463622
0.0090366722
0.0092722538
0.0088818521
0.0083958961
0.0088878301
0.0092269743
0.0095390582
0.0099265387
0.0100288400
0.0096037012
0.0094858208
0.0099095029
0.0091058592
0.0092995528
0.0091499282
0.0077377375
0.0076976555
0.0075843486
0.0078975939
0.0085095133
0.0085394120
0.0087669675
0.0083205896
0.0084095013
0.0082103487
0.0084940513
0.0085581725
0.0084243811
0.0085028725
0.0087593225
0.0081852034
0.0083742289
0.0088393602
0.0092728262
0.0099525695
0.0103646396
0.0096309914
0.0098359949
0.0098571227
0.0091071891
0.0093224054
0.0089619574
0.0086287480
0.0086520552
0.0085396701
0.0081757385
0.0083206765
0.0084904866
0.0089480680
0.0085498979
0.0086388589
0.0089856308
0.0089898049
0.0076957901
0.0080047162
0.0082643530
0.0078449982
0.0077511005
0.0080775475
0.0080072383
0.0077976085
0.0076599625
0.0074962986
0.0071925546
0.0072359517
0.0073016851
0.0078730960
0.0080071373
0.0084866239
0.0083798709
0.0081541168
0.0087684520
0.0093575438
0.0086941728
0.0086162653
0.0087203904
0.0089955001
0.0087491958
0.0091431015
0.0092488303
0.0094527210
0.0090194154
0.0097587697
0.0090077200
0.0089700303
0.0090156757
0.0094171106
0.0090896684
0.0096844806
0.0097715101
0.0097371767
0.0096020374
0.0091713043
0.0087470733
0.0088807207
0.0090425766
0.0081164684
0.0084905867
0.0083092169
0.0087987518
0.0089087797
0.0086021419
0.0087696250
0.0097778818
0.0095860269
0.0098508462
0.0098023032
0.0089888000
0.0086974072
0.0092008346
0.0091931774
0.0087061275
0.0090149026
0.0088364932
0.0093498872
0.0088162854
0.0093966062
0.0092546432
0.0092506002
0.0103299147
0.0099535799
0.0110416031
0.0108237382
0.0108573356
0.0107460051
0.0107279895
0.0119119629
0.0115062636
0.0108571144
0.0107380204
0.0106148764
0.0108525195
0.0108005479
0.0104976381
0.0115756439
0.0115586382
0.0119421893
0.0116492831
0.0115474102
0.0119100904
0.0110921280
0.0110594843
0.0117979104
0.0115699230
0.0117276581
0.0122189035
0.0122501297
0.0132410935
0.0135306207
0.0138672855
0.0133830524
0.0124548244
0.0121555481
0.0122123206
0.0135361799
0.0127894309
0.0131574358
0.0130353036
0.0127162689
0.0119618849
0.0126843330
0.0125377475
0.0117500468
0.0116307962
0.0110421738
0.0111489356
0.0107766004
0.0100254579
0.0100750694
0.0098495360
0.0101347443
0.0103655393
0.0104317383
0.0097592956
0.0094650010
0.0093645597
0.0089972267
0.0098422250
0.0094448078
0.0099014666
0.0092026123
0.0103644341
0.0103646256
0.0110627826
0.0105121959
0.0099117652
0.0095036954
0.0094032200
0.0088224249
0.0082403084
0.0080732432
0.0090017033
0.0091034292
0.0092468030
0.0091591355
0.0094730501
0.0093816730
0.0086773236
0.0082913047
0.0082364493
0.0081646258
0.0080852207
0.0076284504
0.0082716064
0.0082300698
0.0079914740
0.0082554093
0.0080515475
0.0085818110
0.0087119154
0.0096062301
0.0099107324
0.0093068819
0.0096841631
0.0091696060
0.0082969974
0.0085892902
0.0094001873
0.0089792974
0.0088703352
0.0087089683
0.0090422982
0.0087880091
0.0093513812
0.0091829392
0.0092961203
0.0094438438
0.0103286482
0.0105162166
0.0108234882
0.0099530651
0.0103337341
0.0101191407
0.0100468774
0.0099652174
0.0104086558
0.0104622016
0.0102475232
0.0103610698
0.0101388521
0.0102005520
0.0099674355
0.0091886328
0.0090908958
0.0089863690
0.0091029628
0.0091304408
0.0097163403
0.0094695986
0.0097865388
0.0095379055
0.0092720170
0.0094651386
0.0093698966
0.0090838625
0.0090470067
0.0090264986
0.0092957110
0.0096841190
0.0095664261
0.0096946161
0.0098959434
0.0095861023
0.0099057807
0.0092798280
0.0088130720
0.0090018222
0.0095945999
0.0098238512
0.0105874728
0.0108428911
0.0106373166
0.0095214721
0.0101968150
0.0106844564
0.0096851482
0.0097805009
0.0105972395
0.0107953746
0.0103367975
0.0103930570
0.0100061611
0.0099347436
0.0102444744
0.0110595433
0.0113824372
0.0113018959
0.0115434764
0.0114017456
0.0104389040
0.0108041348
0.0104403301
0.0101155429
0.0105421075
0.0113665123
0.0120743851
0.0116757632
0.0116321813
0.0112601137
0.0113392229
0.0112106857
0.0112594841
0.0123167780
0.0125057017
0.0125920247
0.0113332200
0.0111759776
0.0115350037
0.0109566465
0.0112406732
0.0111477961
0.0111249040
0.0112599436
0.0112695864
0.0111665521
0.0117506265
0.0111911764
0.0098744873
0.0095816605
0.0097994480
0.0094822097
0.0101130552
0.0104395554
0.0100145198
0.0097986280
0.0106481223
0.0105423693
0.0116140006
0.0114888035
0.0105489273
0.0107970170
0.0109643284
0.0116663047
0.0116481335
0.0109551281
0.0110976935
0.0115650789
0.0109378377
0.0107419165
0.0109604736
0.0108705838
0.0113523722
0.0109966943
0.0111466537
0.0111722949
0.0099630118
0.0101165348
0.0095012673
0.0100019286
0.0107529718
0.0106198566
0.0105429886
0.0097183576
0.0108065135
0.0102876362
0.0108727284
0.0103444645
0.0103463147
0.0109760092
0.0106437880
0.0106066371
0.0107953770
0.0097883199
0.0092986418
0.0104114768
0.0095569312
0.0097596113
0.0097422251
0.0099074546
0.0099585480
0.0103425424
0.0100266836
0.0094420480
0.0092563197
0.0095296151
0.0094537957
0.0100613940
0.0103548141
0.0099689619
0.0102404203
0.0105437784
0.0106542848
0.0107023453
0.0112343176
0.0111659251
0.0110889221
0.0113515739
0.0112612661
0.0110844058
0.0109300264
0.0120936908
0.0118639084
0.0111906158
0.0112899872
0.0104764026
0.0105001057
0.0096406898
0.0100536046
0.0098890418
0.0087464181
0.0101365684
0.0103747496
0.0101019689
0.0096582288
0.0088517049
0.0091043010
0.0090664956
0.0091526516
0.0092908752
0.0089636901
0.0087412818
0.0091831160
0.0092578860
0.0090782141
0.0091416278
0.0086884678
0.0088928450
0.0094691956
0.0091477913
0.0089880317
0.0086605510
0.0082029803
0.0081692961
0.0085456365
0.0091508593
0.0084460773
0.0084056111
0.0090145841
0.0092148521
0.0092577591
0.0092118852
0.0087767921
0.0089929414
0.0094496017
0.0096261755
0.0103439106
0.0105899016
0.0098251779
0.0096649600
0.0099762708
0.0094274482
0.0089385425
0.0086984107
0.0084388771
0.0089620910
0.0083553655
0.0090618092
0.0083432783
0.0088896521
0.0088542304
0.0088476831
0.0083033077
0.0086613368
0.0083765459
0.0080987986
0.0078325262
0.0073126089
0.0079464218
0.0072106949
0.0075123386
0.0078533223
0.0077424005
0.0073764603
0.0076717768
0.0078657104
0.0081272820
0.0080583382
0.0086591431
0.0083936516
0.0086912575
0.0086920803
0.0089124903
0.0092061873
0.0095266383
0.0095214413
0.0096607057
0.0087915140
0.0086113313
0.0090141393
0.0083613634
0.0079635267
0.0074232277
0.0083074276
0.0082745418
0.0082228397
0.0078757321
0.0078798376
0.0078991372
0.0080399067
0.0080973300
0.0080571410
0.0080704977
0.0085359251
0.0086599130
0.0088896194
0.0080107430
0.0084249048
0.0074743783
0.0074588205
0.0069964517
0.0069538860
0.0071787038
0.0066475160
0.0072987952
0.0069794402
0.0074178446
0.0074896273
0.0074435444
0.0077751110
0.0072149716
0.0076616259
0.0074415991
0.0074559492
0.0080483308
0.0087651049
0.0089816582
0.0094016439
0.0086024189
0.0089890425
0.0088601367
0.0085756572
0.0084377438
0.0081456298
0.0081006168
0.0086589442
0.0082674996
0.0078285090
0.0085676718
0.0091933129
0.0098256317
0.0095066310
0.0096122524
0.0094066896
0.0085331968
0.0087184279
0.0088890797
0.0086868493
0.0087389792
0.0088915876
0.0087673343
0.0079478624
0.0084460541
0.0082048379
0.0087934472
0.0083868997
0.0082130035
0.0085290014
0.0090524257
0.0084593335
0.0081377333
0.0088369287
0.0083935912
0.0086839706
0.0084015247
0.0075297451
0.0080159784
0.0087541700
0.0086825771
0.0093827540
0.0094575805
0.0094140661
0.0090871021
0.0093386202
0.0093775316
0.0098497067
0.0103238235
0.0097343330
0.0090595217
0.0100221401
0.0098032009
0.0101865312
0.0106050083
0.0109734374
0.0102432303
0.0104629264
0.0097715351
0.0095900662
0.0092690485
0.0088702306
0.0086961732
0.0090539438
0.0087457338
0.0082110212
0.0079772615
0.0083769741
0.0085722216
0.0086371004
0.0083164827
0.0080671522
0.0082151650
0.0075013828
0.0079953032
0.0079226815
0.0084816611
0.0089654601
0.0084743101
0.0082178771
0.0080885430
0.0079685819
0.0081442420
0.0081607402
0.0076330666
0.0079483819
0.0078204210
0.0072036686
0.0072442824
0.0078346350
0.0076997310
0.0078041641
0.0072024130
0.0067355119
0.0069726089
0.0069527431
0.0074450534
0.0076978276
0.0080133206
0.0082757601
0.0081484782
0.0079414597
0.0078804995
0.0077045834
0.0078385637
0.0081980792
0.0088320445
0.0086284893
0.0084884531
0.0088219159
0.0086835198
0.0084152857
0.0084627437
0.0087037966
0.0087516773
0.0090956645
0.0089340646
0.0095633215
0.0093680254
0.0096542467
0.0088274939
0.0086187364
0.0084266519
0.0085276402
0.0089485777
0.0092582076
0.0092003566
0.0091736839
0.0092132960
0.0095921917
0.0098003797
0.0097922470
0.0098155815
0.0098850644
0.0100543427
0.0096464085
0.0087982601
0.0090394630
0.0082745270
0.0085619297
0.0087324650
0.0085288001
0.0084012390
0.0080516193
0.0076727476
0.0078418982
0.0076866976
0.0081460806
0.0082454567
0.0080378262
0.0075555238
0.0076509491
0.0077853747
0.0074353471
0.0074427256
0.0071221217
0.0079350174
0.0079927994
0.0077723723
0.0082798250
0.0076572389
0.0078514432
0.0082010614
0.0078080437
0.0072847540
0.0077687422
0.0082404114
0.0090997379
0.0088802764
0.0092216560
0.0082060399
0.0083259013
0.0085007044
0.0085284924
0.0090846537
0.0084743505
0.0082176546
0.0081991069
0.0080367406
0.0083903268
0.0077366960
0.0086428943
0.0081215124
0.0084383168
0.0082647898
0.0082426610
0.0089323444
0.0094304592
0.0101627121
0.0099272574
0.0099632757
0.0092909856
0.0091514700
0.0087489814
0.0093040213
0.0092158686
0.0098168924
0.0094214814
0.0089745649
0.0091162231
0.0091470576
0.0088674138
0.0089857156
0.0088802408
0.0090383277
0.0089670328
0.0090231468
0.0090316298
0.0086232349
0.0087632127
0.0087484717
0.0089378237
0.0087537695
0.0086556854
0.0085371085
0.0084074107
0.0085590212
0.0075205529
0.0077291018
0.0080508519
0.0077960531
0.0083733541
0.0078769075
0.0082284322
0.0081368431
0.0083383570
0.0085765032
0.0088354062
0.0089643085
0.0096837843
0.0092907640
0.0084291526
0.0088974048
0.0084847414
0.0085636377
0.0089559603
0.0087353210
0.0084793554
0.0078308685
0.0069740202
0.0076767148
0.0083087229
0.0088246945
0.0084644500
0.0088305763
0.0087702559
0.0081513801
0.0086912620
0.0090426321
0.0081107407
0.0086752889
0.0086760425
0.0079763171
0.0081598273
0.0081201733
0.0082187114
0.0082957280
0.0081432211
0.0091812249
0.0090838725
0.0087646356
0.0082757918
0.0087971683
0.0089032656
0.0087207935
0.0083579977
0.0089141815
0.0084871922
0.0086182370
0.0094584981
0.0093789009
0.0096109597
0.0091939033
0.0090852492
0.0087964983
0.0079757932
0.0079963616
0.0080927005
0.0082750536
0.0089060927
0.0084868650
0.0083388254
0.0077771095
0.0081811448
0.0082140510
0.0080705274
0.0077255812
0.0078633915
0.0077801626
0.0074026406
0.0079311222
0.0079001536
0.0082329230
0.0086560868
0.0080854072
0.0080770438
0.0077877225
0.0081579660
0.0080868896
0.0085540905
0.0076573070
0.0073305212
0.0076331776
0.0074922290
0.0075130248
0.0082615897
0.0083285339
0.0079490848
0.0082937915
0.0084061298
0.0083080553
0.0087699850
0.0087911426
0.0087558671
0.0082575113
0.0083398531
0.0087671353
0.0088105083
0.0079268547
0.0082514278
0.0077993923
0.0080394758
0.0075661214
0.0081479121
0.0085102601
0.0080015701
0.0079155323
0.0074765977
0.0075152418
0.0078863016
0.0073042967
0.0071352493
0.0069670814
0.0069567829
0.0074830235
0.0077172060
0.0072859848
0.0069256165
0.0075542328
0.0073684193
0.0078830379
0.0074666969
0.0080710524
0.0079052899
0.0083408144
0.0078360505
0.0078244838
0.0075771636
0.0078387216
0.0079372517
0.0082507068
0.0084621110
0.0077310484
0.0078136202
0.0080810810
0.0076275114
0.0077072108
0.0078650321
0.0083707509
0.0080699432
0.0088953504
0.0087820578
0.0087604664
0.0084045475
0.0081553378
0.0087541122
0.0081107742
0.0081110921
0.0079780483
0.0072306343
0.0073675219
0.0072752363
0.0069157871
0.0074947985
0.0077100340
0.0081904837
0.0086693180
0.0091949897
0.0087137711
0.0081943674
0.0075073294
0.0072698886
0.0068154972
0.0072598708
0.0069361778
0.0069151722
0.0072488775
0.0075950883
0.0074970024
0.0073987366
0.0074212022
0.0076066258
0.0082524722
0.0081465856
0.0077949225
0.0078995353
0.0087215139
0.0080816327
0.0078637365
0.0078860413
0.0081368683
0.0084628946
0.0083300776
0.0083819192
0.0079392802
0.0084814528
0.0089111331
0.0087962614
0.0085279781
0.0088567251
0.0081141191
0.0082791712
0.0079463503
0.0085105898
0.0080398607
0.0080265993
0.0082524869
0.0087885726
0.0084021345
0.0086216205
0.0088329872
0.0094631019
0.0095196849
0.0095825391
0.0102593080
0.0104784675
0.0101956321
0.0097542944
0.0092797350
0.0091349155
0.0094095114
0.0097466236
0.0097948408
0.0103771840
0.0094273478
0.0088576400
0.0081047035
0.0078691613
0.0080797384
0.0084342931
0.0084688016
0.0090464161
0.0084127314
0.0082474121
0.0081800445
0.0090143424
0.0096642701
0.0093327973
0.0097235810
0.0094002730
0.0097832373
0.0097156669
0.0090175648
0.0086134852
0.0086237142
0.0088342783
0.0084750312
0.0091167332
0.0099870709
0.0095967448
0.0098196877
0.0099705575
0.0093513274
0.0101582203
0.0095826777
0.0093513963
0.0091169294
0.0086611776
0.0080024238
0.0087757247
0.0082585803
0.0079823276
0.0083996499
0.0082119175
0.0086293606
0.0086195792
0.0090449363
0.0094208796
0.0095292085
0.0101097622
0.0097426659
0.0098593634
0.0104930918
0.0096110805
0.0098275370
0.0089631229
0.0087879760
0.0084021711
0.0085197440
0.0083092810
0.0082933393
0.0077378225
0.0083231663
0.0080172146
0.0083698667
0.0081971582
0.0082198041
0.0087150552
0.0087792553
0.0082834735
0.0084117866
0.0082847442
0.0090645772
0.0090640944
0.0088391975
0.0090016872
0.0091936894
0.0090615464
0.0092491466
0.0083417653
0.0089893513
0.0086338296
0.0085946036
0.0084535209
0.0084331153
0.0085236507
0.0089698612
0.0096552150
0.0100331393
0.0099802127
0.0097013896
0.0093101985
0.0093848523
0.0093891197
0.0098695526
0.0099327136
0.0087755501
0.0088095557
0.0085402961
0.0087914940
0.0094025306
0.0094226968
0.0097315870
0.0099719793
0.0101301943
0.0096203443
0.0097090666
0.0094157032
0.0094421696
0.0100772667
0.0094950898
0.0094484291
0.0091313517
0.0081428335
0.0084169718
0.0089226915
0.0096050426
0.0089742946
0.0089026590
0.0085349355
0.0085275340
0.0077312728
0.0079904486
0.0075982431
0.0079548519
0.0081484986
0.0082693606
0.0082744760
0.0082273408
0.0078821701
0.0081926266
0.0080930296
0.0079702154
0.0073735794
0.0077208918
0.0075525332
0.0077516985
0.0081172594
0.0072670545
0.0076478586
0.0076907973
0.0076046713
0.0077008810
0.0081196067
0.0079750779
0.0084559038
0.0086897755
0.0083989358
0.0086928475
0.0085871308
0.0088663565
0.0087009554
0.0086574452
0.0085913649
0.0087348413
0.0089718946
0.0084583571
0.0083154807
0.0082230034
0.0074924128
0.0071800915
0.0076909745
0.0071843830
0.0071630526
0.0073997895
0.0073722471
0.0072232690
0.0075913228
0.0072137573
0.0072046451
0.0069427573
0.0066840213
0.0067752392
0.0073601448
0.0068502942
0.0072146459
0.0076695944
0.0071680206
0.0075907907
0.0080239094
0.0085962276
0.0090074561
0.0082394969
0.0089202139
0.0091683150
0.0088386382
0.0091361653
0.0093691915
0.0103227544
0.0100780978
0.0097119577
0.0094388262
0.0091445037
0.0090642697
0.0085170077
0.0078854094
0.0068217280
0.0069910627
0.0068721376
0.0069646229
0.0068959143
0.0074953298
0.0075267473
0.0077053581
0.0074958526
0.0073454796
0.0080950942
0.0082676738
0.0081632580
0.0076182698
0.0080793041
0.0085655027
0.0082411774
0.0081309434
0.0081405838
0.0077957690
0.0084124186
0.0092523919
0.0086514216
0.0083031387
0.0077287915
0.0079578011
0.0083412051
0.0080998626
0.0087426315
0.0084418813
0.0081509229
0.0082019693
0.0079535111
0.0077465409
0.0080474367
0.0077456108
0.0080319464
0.0080963264
0.0085385188
0.0084194498
0.0083572916
0.0077737102
0.0071796250
0.0078311817
0.0074736917
0.0072378029
0.0070376034
0.0072965901
0.0076953738
0.0075441203
0.0079626972
0.0069640488
0.0077625618
0.0075627410
0.0069460016
0.0066522873
0.0069628661
0.0069804531
0.0076543481
0.0077454179
0.0074333720
0.0074327470
0.0072034802
0.0073065639
0.0078453032
0.0077677907
0.0078564359
0.0072909030
0.0071850091
0.0076042161
0.0073154882
0.0078442962
0.0079465298
0.0085339187
0.0078821280
0.0080476217
0.0077507039
0.0081487261
0.0081996446
0.0083375782
0.0080857968
0.0075170431
0.0073337990
0.0071737214
0.0073426460
0.0069058771
0.0073519042
0.0081590739
0.0082188802
0.0080953149
0.0077789408
0.0081446319
0.0078646398
0.0078245078
0.0073588465
0.0073450226
0.0075359800
0.0070976119
0.0078942243
0.0079739065
0.0081375034
0.0083378624
0.0085903013
0.0085843969
0.0085695192
0.0089324417
0.0083107945
0.0081219607
0.0086048806
0.0086950022
0.0083094236
0.0080225197
0.0078772364
0.0073824180
0.0083108380
0.0083165906
0.0077114196
0.0083643709
0.0087104294
0.0086067480
0.0092723516
0.0088796319
0.0084367794
0.0084992776
0.0082295487
0.0083910999
0.0076677827
0.0082453540
0.0086051296
0.0079665664
0.0080407631
0.0079210272
0.0074636088
0.0074360333
0.0081994778
0.0078516921
0.0079210111
0.0077805096
0.0079810831
0.0081344739
0.0083749060
0.0085192337
0.0083425049
0.0086060546
0.0090142695
0.0088552148
0.0089988721
0.0095854933
0.0092557761
0.0091617939
0.0097132955
0.0103621861
0.0096764535
0.0092345227
0.0091442136
0.0089653196
0.0092962126
0.0088200921
0.0079777726
0.0077688085
0.0083165345
0.0080394993
0.0081695279
0.0082268058
0.0079109803
0.0078894750
0.0082679080
0.0090731355
0.0084526611
0.0082127342
0.0084894449
0.0091770071
0.0086987180
0.0086727641
0.0090560650
0.0083528127
0.0079942804
0.0076278958
0.0076573128
0.0073623116
0.0070573240
0.0071225714
0.0071590013
0.0068771707
0.0070669368
0.0070656078
0.0071002173
0.0064486964
0.0062334398
0.0061289708
0.0064023783
0.0062336492
0.0066508735
0.0062247614
0.0061713160
0.0059878520
0.0062126304
0.0060232961
0.0063287927
0.0066994131
0.0064442761
0.0069130225
0.0067202623
0.0066775427
0.0067163072
0.0066256770
0.0073165719
0.0075393132
0.0072208349
0.0076850901
0.0076887364
0.0079345288
0.0077439668
0.0079783710
0.0077517116
0.0081289446
0.0080811141
0.0073514357
0.0073669294
0.0077080785
0.0078494578
0.0078814757
0.0074859422
0.0074855127
0.0078359976
0.0079515988
0.0079371512
0.0082061580
0.0077949198
0.0076176591
0.0077411732
0.0072470328
0.0073995230
0.0066271247
0.0070187411
0.0070889051
0.0073348725
0.0078462858
0.0079009378
0.0079097175
0.0081339348
0.0077891798
0.0078048303
0.0075053847
0.0075077317
0.0074087295
0.0075711858
0.0078702514
0.0075282156
0.0075279140
0.0076716725
0.0076383185
0.0074662138
0.0073394749
0.0079530009
0.0076796618
0.0072726583
0.0072013193
0.0065434852
0.0066979188
0.0066508144
0.0068072941
0.0069148654
0.0074404992
0.0070733313
0.0069478571
0.0070353796
0.0071712724
0.0068966248
0.0070995478
0.0065873560
0.0066237050
0.0065288751
0.0066230261
0.0069517746
0.0070961400
0.0071213578
0.0076428629
0.0082413024
0.0081821829
0.0078450949
0.0074212987
0.0071362520
0.0076343721
0.0075444775
0.0076813763
0.0078598955
0.0076339221
0.0077457362
0.0077304352
0.0078690118
0.0079003898
0.0081479772
0.0080131030
0.0085313350
0.0085883445
0.0080407100
0.0081438590
0.0077810807
0.0081423740
0.0082574174
0.0085444412
0.0078882622
0.0083789903
0.0077863887
0.0077416752
0.0073269816
0.0075437872
0.0069040070
0.0069906203
0.0070950661
0.0067264990
0.0071733474
0.0071637150
0.0071744607
0.0068104398
0.0068997195
0.0069728665
0.0070775454
0.0074142208
0.0072122491
0.0068917797
0.0068274616
0.0067433507
0.0072492974
0.0071742493
0.0070829215
0.0068213529
0.0068859350
0.0072091521
0.0073230824
0.0072346890
0.0072816953
0.0076272782
0.0075618184
0.0071938844
0.0071404250
0.0068543593
0.0073676054
0.0073863911
0.0065999770
0.0066513567
0.0069672089
0.0068178544
0.0064710642
0.0065530070
0.0063545695
0.0071031734
0.0075717069
0.0072449164
0.0068206415
0.0069483683
0.0065491865
0.0072693567
0.0073888040
0.0075952498
0.0073781676
0.0072269599
0.0065574204
0.0064585183
0.0064042084
0.0066589548
0.0069355265
0.0065346770
0.0064788611
0.0069783123
0.0071316855
0.0074111421
0.0071131862
0.0069316034
0.0074259203
0.0076824749
0.0077700342
0.0081121048
0.0075795374
0.0079819929
0.0077600868
0.0077203180
0.0073388265
0.0070969026
0.0074643538
0.0082752053
0.0081761769
0.0075540980
0.0072997852
0.0070753836
0.0068671563
0.0074259297
0.0081604889
0.0070026833
0.0067843757
0.0069597401
0.0069979968
0.0070297019
0.0070326341
0.0066921126
0.0068420989
0.0066212232
0.0069373452
0.0066389106
0.0069532423
0.0068578144
0.0069985057
0.0073853719
0.0076758315
0.0077587647
0.0081747819
0.0074717775
0.0077986436
0.0073798571
0.0078599270
0.0078654671
0.0081493055
0.0086615090
0.0090298916
0.0088773960
0.0082254071
0.0084385871
0.0086706370
0.0074795322
0.0083119681
0.0086133901
0.0084892573
0.0077260314
0.0084665146
0.0086417380
0.0085061054
0.0086566837
0.0090229706
0.0090562273
0.0097183091
0.0090963455
0.0093454267
0.0094828503
0.0088338905
0.0084127510
0.0083353162
0.0082296861
0.0080382196
0.0086165615
0.0083852599
0.0088789639
0.0084722760
0.0079140596
0.0072944445
0.0070633585
0.0073297856
0.0076499865
0.0075182451
0.0077266627
0.0072884820
0.0073091981
0.0074753776
0.0075127294
0.0075950631
0.0079087477
0.0075822160
0.0075983853
0.0073997255
0.0068914234
0.0065961402
0.0066192836
0.0073016549
0.0075073619
0.0083157933
0.0081826924
0.0078965380
0.0076684109
0.0072696595
0.0076811176
0.0075114501
0.0070937075
0.0070242473
0.0070842414
0.0070976368
0.0069501272
0.0068541432
0.0072387579
0.0068939989
0.0069584637
0.0073238282
0.0071729729
0.0076607520
0.0069914740
0.0075974025
0.0078875333
0.0074141306
0.0074867115
0.0074474411
0.0069741622
0.0068391750
0.0067503437
0.0065413007
0.0067460671
0.0068401082
0.0066277741
0.0059058573
0.0064068215
0.0062446236
0.0063401423
0.0066113629
0.0067584818
0.0069132450
0.0067664698
0.0065731600
0.0067756955
0.0061743697
0.0070211303
0.0077306714
0.0078453414
0.0075749884
0.0074446264
0.0075127358
0.0072760766
0.0075399007
0.0075490703
0.0080015017
0.0085297705
0.0084666501
0.0081451391
0.0075701520
0.0075884288
0.0077082478
0.0076404669
0.0078011545
0.0080099665
0.0080480596
0.0083527800
0.0078688382
0.0080840033
0.0076234472
0.0075012569
0.0073721210
0.0071587935
0.0079703431
0.0080445620
0.0078442759
0.0078164577
0.0081846724
0.0084043868
0.0084330636
0.0082865596
0.0084305206
0.0074626611
0.0075243967
0.0076828599
0.0080186329
0.0075525901
0.0076639514
0.0076433531
0.0075594905
0.0079985170
0.0080187886
0.0077884434
0.0074390923
0.0073031297
0.0079674682
0.0074526896
0.0078484965
0.0073727673
0.0077190495
0.0077911049
0.0085116939
0.0084121333
0.0085163739
0.0086821899
0.0088589957
0.0093244027
0.0090289861
0.0091147720
0.0093811300
0.0088585663
0.0085707760
0.0090000642
0.0086188001
0.0085447331
0.0091573138
0.0085095751
0.0083338075
0.0082982010
0.0084127041
0.0081490328
0.0080543498
0.0083649715
0.0080665898
0.0086588721
0.0081681120
0.0090664227
0.0094741731
0.0084752095
0.0085897249
0.0085150152
0.0081437852
0.0087226209
0.0084792352
0.0083530106
0.0081118265
0.0077502761
0.0077414228
0.0077773070
0.0074745376
0.0073965060
0.0072359707
0.0075319760
0.0078886226
0.0077507150
0.0078316406
0.0080642956
0.0076006987
0.0075119878
0.0071380168
0.0072705271
0.0074334979
0.0070965364
0.0075399368
0.0071986443
0.0073883017
0.0075683222
0.0073948049
0.0074111965
0.0076379536
0.0078844329
0.0074995678
0.0073366405
0.0073953673
0.0070663076
0.0071593720
0.0073146069
0.0072774359
0.0072548103
0.0068353372
0.0068007548
0.0071222161
0.0066261298
0.0064554964
0.0068754572
0.0067859771
0.0069847470
0.0069614997
0.0074646127
0.0076425815
0.0076223608
0.0072836998
0.0072502818
0.0076372268
0.0080237111
0.0080924217
0.0081606187
0.0083263483
0.0085232662
0.0081607405
0.0076197187
0.0078454096
0.0078554365
0.0075046428
0.0074524898
0.0076586893
0.0077659893
0.0078707024
0.0086361632
0.0082452564
0.0080636917
0.0075567847
0.0076903042
0.0076524358
0.0076324840
0.0074080513
0.0073908449
0.0076644628
0.0075102724
0.0075022467
0.0077575199
0.0075515041
0.0080346442
0.0080561855
0.0070244612
0.0065554343
0.0066540167
0.0068796350
0.0071392323
0.0068231755
0.0066229139
0.0073017140
0.0071016096
0.0075569503
0.0075221030
0.0076580039
0.0074202699
0.0075395006
0.0074073221
0.0074537130
0.0072935296
0.0071742332
0.0076181247
0.0074066550
0.0070166857
0.0072315914
0.0083467016
0.0075847924
0.0079089032
0.0083282027
0.0089143011
0.0094450857
0.0096944738
0.0087708822
0.0083907827
0.0076424051
0.0078643449
0.0080025395
0.0079218032
0.0078402100
0.0074797759
0.0075646489
0.0076264171
0.0073989399
0.0077905417
0.0073645706
0.0074594571
0.0079275136
0.0078890501
0.0082027761
0.0084750856
0.0085122747
0.0089318233
0.0082969347
0.0081154248
0.0073194561
0.0079759571
0.0082550499
0.0080887037
0.0085227060
0.0085779963
0.0083507168
0.0080517273
0.0080597248
0.0081923665
0.0082925762
0.0084753968
0.0087043337
0.0092364885
0.0090911796
0.0089837385
0.0097211755
0.0095234379
0.0093969295
0.0087990538
0.0088085650
0.0091057880
0.0087798371
0.0082040312
0.0086539571
0.0082612074
0.0090107898
0.0091068703
0.0090256565
0.0085053880
0.0085670361
0.0093787703
0.0091843854
0.0089073745
0.0087171919
0.0082929271
0.0083094657
0.0081573802
0.0076992709
0.0071961023
0.0076119721
0.0073634180
0.0080498310
0.0078478908
0.0082909082
0.0084922961
0.0085089587
0.0084418519
0.0081396092
0.0079327712
0.0085372520
0.0086391683
0.0085472125
0.0088553589
0.0080691499
0.0087640025
0.0089088088
0.0090840187
0.0087481976
0.0097995515
0.0090455675
0.0088069170
0.0092528999
0.0097984059
0.0095302609
0.0090299465
0.0092464444
0.0094000486
0.0089522129
0.0086243764
0.0093036127
0.0093005650
0.0090846607
0.0088848539
0.0088996039
0.0090144614
0.0088015820
0.0084996637
0.0089752320
0.0091373057
0.0085082434
0.0085971133
0.0080927235
0.0079870976
0.0088750004
0.0084802647
0.0085514328
0.0085447661
0.0082022009
0.0086508524
0.0080161713
0.0086965220
0.0085674114
0.0089394535
0.0086661271
0.0093494955
0.0089790347
0.0090218710
0.0086968792
0.0089953507
0.0088347493
0.0083316138
0.0084057522
0.0081373541
0.0073354714
0.0074104486
0.0075743924
0.0071900043
0.0077680502
0.0080573997
0.0089848924
0.0084163128
0.0078879924
0.0082211427
0.0081879333
0.0081722298
0.0080680272
0.0085986491
0.0083988548
0.0080830288
0.0076474782
0.0076683420
0.0079180887
0.0081440218
0.0087199005
0.0084721050
0.0083763195
0.0081312916
0.0081788007
0.0088733594
0.0088375151
0.0091742076
0.0084323632
0.0084889520
0.0080779835
0.0084263958
0.0084720324
0.0084695469
0.0088981681
0.0082171317
0.0085254052
0.0082455896
0.0086836937
0.0087492885
0.0085761285
0.0087815133
0.0081816383
0.0081918869
0.0089451277
0.0088301527
0.0083021736
0.0081120748
0.0086592845
0.0092264965
0.0097343086
0.0097101619
0.0096840515
0.0095620407
0.0085221314
0.0093777990
0.0086537326
0.0088478049
0.0089645253
0.0087070527
0.0081089708
0.0077421732
0.0084259737
0.0079397176
0.0084130054
0.0083931742
0.0088971364
0.0086379567
0.0077657114
0.0082531685
0.0087201366
0.0086487490
0.0088001074
0.0086952922
0.0096178702
0.0099883021
0.0102145454
0.0093616231
0.0092618739
0.0092575193
0.0095083762
0.0091434349
0.0091355758
0.0095886499
0.0090345692
0.0089025798
0.0089157356
0.0081017778
0.0078987981
0.0081455912
0.0087351985
0.0089379025
0.0088143233
0.0086522192
0.0088285395
0.0086304561
0.0082833030
0.0085353335
0.0080853999
0.0085507089
0.0094446424
0.0089461384
0.0094997706
0.0091995578
0.0085659685
0.0087161161
0.0091758684
0.0088056018
0.0093478581
0.0088626877
0.0083461087
0.0086703350
0.0089199725
0.0084119327
0.0089954844
0.0087049844
0.0084902383
0.0081730369
0.0083692637
0.0082607611
0.0089452289
0.0083968851
0.0087820930
0.0083178365
0.0083575081
0.0086305791
0.0086032804
0.0087049971
0.0089017542
0.0088890732
0.0086922323
0.0090197650
0.0082929386
0.0078613291
0.0077781556
0.0082908293
0.0077543921
0.0073895384
0.0078877253
0.0079601007
0.0081426178
0.0082543165
0.0088129691
0.0084083106
0.0081249201
0.0080577860
0.0073380241
0.0072632755
0.0075454891
0.0078743190
0.0072244297
0.0078585384
0.0082039313
0.0080723480
0.0085458404
0.0079679239
0.0082662937
0.0083024271
0.0084921087
0.0076929583
0.0079721351
0.0077909702
0.0077721437
0.0078454988
0.0078003399
0.0083993395
0.0079630115
0.0076798992
0.0076215854
0.0075462361
0.0069944184
0.0071606737
0.0074263224
0.0072571632
0.0076221711
0.0078774159
0.0083401516
0.0069455713
0.0070588059
0.0068143061
0.0073376144
0.0077654756
0.0080485529
0.0073438152
0.0075492007
0.0077822915
0.0077168969
0.0076398547
0.0082121145
0.0084283757
0.0085932643
0.0081839301
0.0083822666
0.0083021859
0.0082173804
0.0089413732
0.0091443207
0.0097959053
0.0099236088
0.0092348387
0.0091007024
0.0088619312
0.0089191603
0.0089356206
0.0089551676
0.0103322109
0.0108772452
0.0105923608
0.0105852026
0.0107740278
0.0105629078
0.0106069297
0.0104007458
0.0099250736
0.0109937613
0.0094720577
0.0092914203
0.0100001838
0.0099575349
0.0097377404
0.0096452509
0.0088950412
0.0085701646
0.0084677403
0.0086770130
0.0083581482
0.0080998525
0.0080451513
0.0079901227
0.0080451701
0.0078914425
0.0077439329
0.0073831612
0.0083123164
0.0083027748
0.0079887035
0.0073876438
0.0075138838
0.0074466792
0.0073239228
0.0076538624
0.0074571729
0.0076623451
0.0073913094
0.0080027331
0.0082323351
0.0083368888
0.0084604740
0.0086162912
0.0084254724
0.0090115356
0.0089891941
0.0084298263
0.0086383590
0.0075018510
0.0076681631
0.0077734702
0.0078577213
0.0082301597
0.0087299159
0.0088628569
0.0092529780
0.0094937030
0.0092443335
0.0093927379
0.0081612721
0.0081387387
0.0073296609
0.0078516566
0.0082200328
0.0085646062
0.0080527298
0.0086035573
0.0081495271
0.0076562467
0.0075374225
0.0076801712
0.0080510463
0.0083606102
0.0075747099
0.0078410783
0.0077957637
0.0074006617
0.0070812689
0.0076576577
0.0077592999
0.0073282205
0.0071608113
0.0068838273
0.0071263293
0.0073436600
0.0071854389
0.0080806037
0.0073650710
0.0074207759
0.0070222509
0.0072347094
0.0073335718
0.0075896843
0.0072351696
0.0074476464
0.0072628447
0.0067810871
0.0069115877
0.0068422566
0.0072574391
0.0069522327
0.0067491477
0.0072173378
0.0075098412
0.0075099727
0.0074172840
0.0068255060
0.0069812619
0.0070517703
0.0074520090
0.0076169774
0.0074897449
0.0070294642
0.0067698583
0.0067220388
0.0067690578
0.0067001540
0.0071268867
0.0069351106
0.0070010610
0.0072269007
0.0070658332
0.0070273655
0.0072683204
0.0069488385
0.0073792382
0.0078440149
0.0077912491
0.0081360301
0.0073960310
0.0068443399
0.0066562695
0.0069867459
0.0069966148
0.0071858945
0.0071075805
0.0077805283
0.0075157427
0.0076372310
0.0079222098
0.0075247895
0.0079114495
0.0075725151
0.0077995445
0.0076306412
0.0074558884
0.0075551932
0.0072550666
0.0071934750
0.0069980531
0.0072050922
0.0067787153
0.0067093235
0.0074127298
0.0073320401
0.0070521897
0.0064890849
0.0068702425
0.0071673954
0.0068948194
0.0077815023
0.0069814820
0.0073269257
0.0077795572
0.0070644993
0.0071453360
0.0068496816
0.0066147315
0.0069405547
0.0065651068
0.0065182930
0.0064473155
0.0063644801
0.0061751581
0.0064664091
0.0064654528
0.0063360759
0.0067535461
0.0069516222
0.0066677842
0.0064677565
0.0069563593
0.0064995560
0.0061952204
0.0064749562
0.0066125432
0.0070483820
0.0071418038
0.0074075785
0.0073667746
0.0074247983
0.0072871069
0.0073272969
0.0079597507
0.0074008810
0.0069919170
0.0075097162
0.0073495648
0.0070624942
0.0066000844
0.0064328661
0.0068327807
0.0065951692
0.0065488605
0.0069613279
0.0069547691
0.0069464806
0.0072652062
0.0072646151
0.0071304573
0.0071323313
0.0072233169
0.0075392279
0.0071194813
0.0081349390
0.0081701013
0.0093253378
0.0094854606
0.0093411069
0.0091762231
0.0081071847
0.0084813561
0.0078011794
0.0079110548
0.0081844503
0.0076268295
0.0072336102
0.0076945002
0.0078035626
0.0077061182
0.0079663320
0.0081511448
0.0086356647
0.0082887092
0.0083892468
0.0084523651
0.0081823942
0.0074833968
0.0078185012
0.0075534680
0.0073502214
0.0067292405
0.0071729466
0.0071544967
0.0073884363
0.0069737084
0.0074884072
0.0076963665
0.0075198611
0.0072457851
0.0076601556
0.0077343711
0.0078605210
0.0079840500
0.0080999372
0.0082065043
0.0081899749
0.0083202062
0.0080044551
0.0084323919
0.0083152776
0.0080913768
0.0081597062
0.0081415652
0.0083826109
0.0072508905
0.0070186901
0.0074484252
0.0069420905
0.0066472310
0.0065416050
0.0067581992
0.0067479723
0.0074605698
0.0068630995
0.0069054655
0.0072566156
0.0067178699
0.0076272426
0.0075591444
0.0073350501
0.0073407065
0.0072505306
0.0073556717
0.0068691765
0.0069295647
0.0067579723
0.0068581311
0.0070852013
0.0071709168
0.0075312220
0.0079164989
0.0080072351
0.0078545856
0.0077869272
0.0077370234
0.0082326640
0.0079764462
0.0082828455
0.0084866303
0.0091077513
0.0084175847
0.0090771680
0.0086354865
0.0086334096
0.0081713740
0.0091648162
0.0091751533
0.0086783995
0.0087936602
0.0081014378
0.0080034114
0.0079111855
0.0081096795
0.0079908464
0.0089895407
0.0085622534
0.0086016648
0.0084090206
0.0082499434
0.0079141983
0.0085185277
0.0086388386
0.0083316410
0.0087943794
0.0086829238
0.0088081276
0.0083413398
0.0079570808
0.0086607054
0.0077422411
0.0073424591
0.0074288913
0.0077960747
0.0075867064
0.0073205972
0.0079059547
0.0075225049
0.0078398665
0.0075875556
0.0074129591
0.0077357825
0.0077442895
0.0078388891
0.0078251591
0.0080187256
0.0077855869
0.0079340887
0.0077919178
0.0075131609
0.0070430029
0.0076307910
0.0077970557
0.0083586697
0.0083079401
0.0078697533
0.0082687983
0.0085212567
0.0087882416
0.0078529457
0.0068919983
0.0075034852
0.0075471027
0.0071742468
0.0070938913
0.0074505668
0.0083223622
0.0078898077
0.0071594091
0.0068447016
0.0069921494
0.0070145738
0.0073718194
0.0074476550
0.0075297252
0.0072269053
0.0071258176
0.0069617016
0.0070296536
0.0072402849
0.0075007112
0.0081958800
0.0079788550
0.0080240044
0.0076344452
0.0075078853
0.0069622363
0.0071800182
0.0072089891
0.0071730854
0.0079063342
0.0077326319
0.0080930779
0.0083617386
0.0083372687
0.0079076060
0.0080492577
0.0085408508
0.0082584311
0.0079637235
0.0081558813
0.0080540215
0.0079090032
0.0085491692
0.0090743289
0.0088786843
0.0083235444
0.0084506126
0.0082355020
0.0085295365
0.0087442146
0.0087976611
0.0090671562
0.0083644560
0.0083849548
0.0083104847
0.0084546894
0.0088998485
0.0091251260
0.0088469817
0.0095493145
0.0094851235
0.0096993729
0.0086246143
0.0086818311
0.0095523923
0.0095019724
0.0094975210
0.0093489494
0.0089580848
0.0093733303
0.0091222252
0.0091320393
0.0089027964
0.0087829716
0.0085306512
0.0084288860
0.0085028367
0.0083186843
0.0084284262
0.0079836917
0.0082747113
0.0080021511
0.0075042766
0.0075782794
0.0078369102
0.0084756516
0.0081202292
0.0084820956
0.0091242142
0.0090221566
0.0085981685
0.0082483894
0.0088570004
0.0083964999
0.0083999236
0.0085944323
0.0080617248
0.0075785083
0.0076927998
0.0078277080
0.0078016933
0.0078414749
0.0083895564
0.0082508352
0.0078248130
0.0082449274
0.0083650094
0.0071954779
0.0071685470
0.0072120911
0.0075102097
0.0077709782
0.0073549643
0.0071451889
0.0069424213
0.0070929765
0.0069926192
0.0070972619
0.0071729454
0.0074817657
0.0069678768
0.0072887675
0.0077200971
0.0073618501
0.0074824282
0.0074369279
0.0076623730
0.0074426323
0.0066459051
0.0073525406
0.0074662995
0.0075972689
0.0074613199
0.0073152711
0.0069559173
0.0069833823
0.0074565852
0.0076922780
0.0079598803
0.0078942928
0.0078978372
0.0084786887
0.0081290589
0.0078099810
0.0073073001
0.0078558297
0.0080356766
0.0080247562
0.0083477359
0.0089444236
0.0086250141
0.0080475876
0.0076571180
0.0083941043
0.0078833329
0.0078473617
0.0080706003
0.0076262348
0.0079477998
0.0075602494
0.0080843688
0.0086506391
0.0085103570
0.0077821242
0.0082811159
0.0082200187
0.0087883193
0.0088100010
0.0081922854
0.0086880515
0.0084907536
0.0084651569
0.0082474081
0.0082916218
0.0086480563
0.0083028851
0.0077504363
0.0076537339
0.0074232542
0.0072138618
0.0070788377
0.0070566426
0.0069798824
0.0067859715
0.0070311279
0.0075711349
0.0077324009
0.0077548465
0.0077980336
0.0079451352
0.0075031375
0.0075125178
0.0073505514
0.0066286298
0.0069894018
0.0074147502
0.0073893322
0.0070813890
0.0071346035
0.0070493799
0.0070948112
0.0070974504
0.0069061361
0.0071796048
0.0069978945
0.0068621989
0.0074132824
0.0072326095
0.0084268461
0.0076196780
0.0078372479
0.0076048097
0.0073590144
0.0080173701
0.0074701197
0.0079718854
0.0080896834
0.0083470424
0.0084456517
0.0088176892
0.0088638245
0.0097460282
0.0095728599
0.0097083881
0.0091346733
0.0091191165
0.0089098444
0.0087179817
0.0088138798
0.0087414596
0.0088842920
0.0083302123
0.0086318367
0.0086854579
0.0088910612
0.0089425903
0.0087277814
0.0087398088
0.0080401909
0.0078927014
0.0082199209
0.0080950580
0.0084937106
0.0083794352
0.0078982619
0.0071114394
0.0068241190
0.0074370494
0.0074995544
0.0080308292
0.0071718014
0.0070926689
0.0071964100
0.0072646431
0.0072854366
0.0076672260
0.0072204920
0.0075684079
0.0077103495
0.0081761136
0.0085153292
0.0080292598
0.0077216068
0.0076766759
0.0077473888
0.0074699767
0.0078575287
0.0080624624
0.0076456278
0.0082347470
0.0083288550
0.0080372334
0.0080625070
0.0081674926
0.0078752370
0.0072962515
0.0073331781
0.0078516567
0.0083416646
0.0079166361
0.0075954309
0.0081513959
0.0081393396
0.0071800860
0.0077555448
0.0081821616
0.0084496281
0.0087774191
0.0088120623
0.0089397281
0.0089680429
0.0085130346
0.0085911937
0.0085458787
0.0082611550
0.0088389037
0.0088140858
0.0092143891
0.0095018819
0.0092609658
0.0090672297
0.0085865215
0.0081795632
0.0078272558
0.0078281801
0.0080979689
0.0080421251
0.0084995848
0.0082222433
0.0089139749
0.0089862915
0.0086837124
0.0083982376
0.0085751831
0.0083504462
0.0085894302
0.0086142918
0.0087062027
0.0085340805
0.0087388680
0.0091500384
0.0094545195
0.0092782361
0.0096832148
0.0092958175
0.0091819940
0.0097308918
0.0093604147
0.0099516088
0.0100173615
0.0094761428
0.0093892798
0.0090223225
0.0084543878
0.0086022827
0.0089753495
0.0095804822
0.0104473630
0.0098784444
0.0098505826
0.0097026088
0.0090571443
0.0095665254
0.0099066349
0.0096751794
0.0090065986
0.0096013483
0.0095300760
0.0095958364
0.0088135063
0.0090620026
0.0089459318
0.0087010075
0.0078813027
0.0082064009
0.0082300744
0.0088046838
0.0083605756
0.0084442768
0.0087685398
0.0087049161
0.0094662330
0.0092373911
0.0094722354
0.0098734633
0.0099748828
0.0092816627
0.0094463483
0.0090415920
0.0102466046
0.0102590008
0.0097742246
0.0096648728
0.0097226867
0.0089317879
0.0094940103
0.0091238376
0.0088175107
0.0092446499
0.0083049375
0.0082871452
0.0087208051
0.0084326056
0.0092775796
0.0092606786
0.0086202083
0.0085212209
0.0078880117
0.0078146933
0.0081914187
0.0085484258
0.0085112408
0.0083667199
0.0079143336
0.0080184164
0.0079973416
0.0080994288
0.0080814318
0.0080966181
0.0083886952
0.0086229542
0.0092395508
0.0094271529
0.0088174076
0.0092268872
0.0085987267
0.0091631873
0.0087239824
0.0086853164
0.0088576075
0.0092711434
0.0095760441
0.0097184025
0.0102234732
0.0098161143
0.0090220585
0.0096652403
0.0096055638
0.0101692639
0.0101028187
0.0101514736
0.0102284204
0.0098055408
0.0089825776
0.0086834383
0.0090062058
0.0089757825
0.0092140663
0.0091772555
0.0089509225
0.0086233309
0.0085913095
0.0089714967
0.0096669615
0.0092971064
0.0092796685
0.0090288707
0.0089723937
0.0089324973
0.0092407916
0.0087644017
0.0085393340
0.0083180345
0.0084257556
0.0089879625
0.0093312662
0.0091458365
0.0085301288
0.0091561431
0.0092167454
0.0092174357
0.0092268693
0.0088173429
0.0091919305
0.0091785918
0.0080761078
0.0079032503
0.0079298771
0.0079329717
0.0077819023
0.0076178388
0.0079107372
0.0078028648
0.0081189923
0.0083316131
0.0083014286
0.0080364942
0.0084215441
0.0083462045
0.0085100219
0.0092621755
0.0088132886
0.0087454598
0.0089640452
0.0091350620
0.0087146566
0.0088269408
0.0090454734
0.0086409127
0.0081244925
0.0082986892
0.0078246147
0.0077486584
0.0076800411
0.0076488161
0.0079943596
0.0085309439
0.0081860483
0.0076234368
0.0073031238
0.0074111848
0.0074408674
0.0079545486
0.0083164467
0.0074795330
0.0075783311
0.0075506124
0.0071910916
0.0074677248
0.0077873231
0.0077989644
0.0080371608
0.0082605476
0.0079005084
0.0079618191
0.0080747605
0.0087708530
0.0089416057
0.0084478712
0.0082560807
0.0083544547
0.0073113795
0.0082123336
0.0083756205
0.0084408905
0.0083315961
0.0077963662
0.0085248353
0.0073034650
0.0070975047
0.0074371053
0.0074825888
0.0073479155
0.0073816435
0.0076987394
0.0075283208
0.0070581375
0.0074805434
0.0078701216
0.0072250507
0.0075205344
0.0077240763
0.0081249301
0.0075900432
0.0073897694
0.0083801386
0.0080851722
0.0085196680
0.0083874292
0.0088566638
0.0085225518
0.0088964308
0.0084067147
0.0080487891
0.0082329236
0.0082821095
0.0079166228
0.0078460091
0.0078956017
0.0078614162
0.0079525398
0.0083439697
0.0080260188
0.0076430624
0.0078840658
0.0082184683
0.0082025464
0.0081750790
0.0086327021
0.0083929247
0.0085744736
0.0083994899
0.0086091968
0.0085088563
0.0081029476
0.0076343165
0.0082660419
0.0079045373
0.0078292628
0.0077576850
0.0076030215
0.0084519467
0.0085717555
0.0086812600
0.0085740719
0.0087182042
0.0084721118
0.0088353093
0.0090200182
0.0089499170
0.0097961352
0.0092573524
0.0089223195
0.0083401684
0.0086147464
0.0086109366
0.0084854033
0.0086767843
0.0087584221
0.0088153766
0.0090953280
0.0090474680
0.0082542353
0.0083109392
0.0079012613
0.0079166273
0.0074879969
0.0080279308
0.0086244907
0.0083992229
0.0085940017
0.0086774655
0.0088232015
0.0084901384
0.0088131611
0.0088282212
0.0086330110
0.0091803650
0.0096262239
0.0098477434
0.0092690583
0.0086196715
0.0088276205
0.0085608878
0.0083965570
0.0082837757
0.0083304467
0.0085487871
0.0076908777
0.0071663489
0.0073380508
0.0074393427
0.0076027760
0.0079704379
0.0071836067
0.0068455045
0.0080688737
0.0078963756
0.0081918025
0.0077339442
0.0072668231
0.0072799593
0.0073343781
0.0071188732
0.0073703397
0.0075359474
0.0085561138
0.0081671338
0.0076668840
0.0077424835
0.0078943896
0.0076162202
0.0074997108
0.0077127971
0.0075053231
0.0076385428
0.0071521416
0.0069919350
0.0066748441
0.0064170474
0.0073770899
0.0070102400
0.0067332171
0.0066819835
0.0067317162
0.0070361319
0.0070542538
0.0074530005
0.0075386288
0.0075865021
0.0071219621
0.0072393659
0.0074324842
0.0071083544
0.0070001718
0.0066513435
0.0070627847
0.0063944312
0.0065448681
0.0068498254
0.0075377440
0.0071667364
0.0069265361
0.0070527271
0.0071582551
0.0068212027
0.0066476720
0.0068261006
0.0074193707
0.0075417634
0.0075551310
0.0080548839
0.0085568160
0.0081589726
0.0080005222
0.0079564435
0.0073131028
0.0073991337
0.0073957547
0.0075434349
0.0074725722
0.0069819212
0.0066509129
0.0067576082
0.0069839749
0.0079290524
0.0075810701
0.0078028317
0.0080632503
0.0079212109
0.0077760428
0.0076680629
0.0074527749
0.0077924271
0.0074499918
0.0082296625
0.0082590292
0.0081026274
0.0089547828
0.0092759713
0.0095718773
0.0100115780
0.0094118346
0.0091779149
0.0088744425
0.0090986778
0.0085770789
0.0088006362
0.0086748124
0.0082337416
0.0081410735
0.0083727228
0.0091125662
0.0091213479
0.0094666007
0.0096616331
0.0098868690
0.0097887011
0.0094738342
0.0098366578
0.0090159673
0.0093568966
0.0103881991
0.0098402404
0.0101684531
0.0108648841
0.0108804842
0.0100708285
0.0100374949
0.0100110431
0.0101705073
0.0098002235
0.0095903847
0.0101261473
0.0095411893
0.0092054054
0.0084421357
0.0077384488
0.0078485197
0.0078395352
0.0078319180
0.0076229170
0.0072246259
0.0073080110
0.0071497465
0.0078204627
0.0079033538
0.0074329230
0.0077422830
0.0078142382
0.0077216015
0.0074645069
0.0078501292
0.0075401878
0.0082843655
0.0087617234
0.0090016612
0.0091392727
0.0086898846
0.0085524691
0.0085071112
0.0083683501
0.0085877950
0.0083205571
0.0082175978
0.0085799952
0.0088990006
0.0087782132
0.0088409531
0.0101438326
0.0101892421
0.0099742245
0.0099729772
0.0098608758
0.0108750394
0.0106408904
0.0104358618
0.0113653309
0.0110080606
0.0119631148
0.0106436260
0.0106271774
0.0112264692
0.0101074245
0.0105141502
0.0105944278
0.0113953274
0.0106075349
0.0107267938
0.0108873368
0.0103049670
0.0104403488
0.0102255145
0.0096808311
0.0095699900
0.0098372475
0.0094461187
0.0092846034
0.0093622027
0.0087877062
0.0093195235
0.0099194658
0.0093794818
0.0091957941
0.0095869340
0.0093001651
0.0090900509
0.0100309995
0.0090247847
0.0095483226
0.0090551164
0.0084176512
0.0086055913
0.0088293158
0.0087888353
0.0088651809
0.0086044919
0.0084651625
0.0080287941
0.0080044231
0.0077395260
0.0085918561
0.0085033871
0.0087414154
0.0089823368
0.0090111108
0.0088139066
0.0095514630
0.0094261571
0.0095881874
0.0087299660
0.0083942769
0.0080470367
0.0079650811
0.0082359156
0.0082737641
0.0087068041
0.0085389118
0.0085864323
0.0091724245
0.0091909274
0.0098357431
0.0096309222
0.0100912878
0.0105872862
0.0103539913
0.0099947269
0.0106747933
0.0102111193
0.0097539112
0.0098037616
0.0100215503
0.0091932544
0.0088126564
0.0090639396
0.0093517413
0.0088952903
0.0080943261
0.0082967110
0.0090799375
0.0088417087
0.0084332059
0.0086887580
0.0085646407
0.0089985666
0.0095627459
0.0094077861
0.0091722951
0.0091657256
0.0095073780
0.0094960986
0.0088558169
0.0095857343
0.0089855747
0.0086636450
0.0081395078
0.0080589044
0.0083036677
0.0090851806
0.0086825048
0.0092644932
0.0092350751
0.0080923300
0.0085052871
0.0086179044
0.0084594992
0.0079866953
0.0077924810
0.0076072667
0.0075396222
0.0078726269
0.0085704897
0.0084388225
0.0080228558
0.0083560802
0.0083129445
0.0085027531
0.0089743305
0.0085339142
0.0082281578
0.0082028788
0.0078624913
0.0078318475
0.0076612770
0.0073158966
0.0069480532
0.0072999048
0.0079363196
0.0076575017
0.0076542613
0.0072878692
0.0077691286
0.0081578312
0.0080283090
0.0076878684
0.0081445275
0.0075326056
0.0075584758
0.0077909169
0.0082237732
0.0081320471
0.0074636665
0.0078311378
0.0078565006
0.0076951725
0.0078425491
0.0076306476
0.0074543317
0.0077634326
0.0077328608
0.0074415087
0.0076518091
0.0076882455
0.0076951302
0.0074238765
0.0083297407
0.0081992627
0.0077810438
0.0079117373
0.0082987499
0.0082284071
0.0080109693
0.0078723020
0.0069726575
0.0074070088
0.0081072552
0.0083525533
0.0084759633
0.0084272923
0.0083292994
0.0083329852
0.0085316258
0.0079856365
0.0079400588
0.0074797902
0.0081735552
0.0089975154
0.0093482638
0.0095020877
0.0100344860
0.0097574241
0.0097147843
0.0089646635
0.0094826560
0.0086719705
0.0086843468
0.0082669925
0.0082572528
0.0081993079
0.0078245887
0.0079471255
0.0076663471
0.0074102895
0.0085374417
0.0081335699
0.0087546457
0.0079522702
0.0080945943
0.0077701896
0.0080050274
0.0075455613
0.0076888591
0.0075784199
0.0075273167
0.0076462660
0.0070607300
0.0073191068
0.0077552033
0.0076952691
0.0081501651
0.0077680236
0.0078113829
0.0074868311
0.0073878677
0.0071935110
0.0071106352
0.0068476391
0.0065905118
0.0071501594
0.0076135242
0.0080279157
0.0079251059
0.0076480946
0.0077539112
0.0079311246
0.0078619186
0.0079758634
0.0081980191
0.0083141050
0.0084202730
0.0082830654
0.0085377803
0.0083244146
0.0088381127
0.0087138607
0.0083160369
0.0087125856
0.0088744346
0.0085794599
0.0087289615
0.0084759325
0.0084752615
0.0084729650
0.0088827739
0.0085881762
0.0085288331
0.0078110388
0.0078418680
0.0085033614
0.0090032037
0.0090878456
0.0091298168
0.0087651424
0.0085848757
0.0087069726
0.0088902633
0.0090010272
0.0082880512
0.0086515744
0.0081502230
0.0077647961
0.0075497397
0.0077939207
0.0082155688
0.0088781454
0.0091963389
0.0082949760
0.0085075223
0.0085304969
0.0081130560
0.0082268766
0.0081988961
0.0087094434
0.0087886513
0.0089568305
0.0088931884
0.0093279752
0.0094924784
0.0098437797
0.0103772909
0.0101748594
0.0100974030
0.0094129978
0.0102214426
0.0107595173
0.0111274808
0.0113470798
0.0103972579
0.0100743993
0.0097270607
0.0091191043
0.0089266012
0.0089722023
0.0092956245
0.0092937633
0.0091818415
0.0095454246
0.0096213261
0.0099292447
0.0094626275
0.0090333998
0.0085543624
0.0088033875
0.0082151747
0.0077778822
0.0082462978
0.0084568750
0.0082019611
0.0079323018
0.0084192296
0.0087836805
0.0080520237
0.0080827661
0.0075888383
0.0075606793
0.0078811655
0.0082118942
0.0087471147
0.0080574316
0.0075707899
0.0074790311
0.0070633074
0.0069011180
0.0073182311
0.0075004026
0.0076131230
0.0074667385
0.0086370105
0.0087470335
0.0088495771
0.0082875189
0.0082802556
0.0085515320
0.0090437152
0.0088547397
0.0094862453
0.0088416636
0.0093873164
0.0093217467
0.0092559069
0.0095586801
0.0092290772
0.0088541559
0.0092019177
0.0097340240
0.0088624328
0.0081323672
0.0087231461
0.0089295734
0.0087644050
0.0092586718
0.0085862922
0.0084844946
0.0086810857
0.0078674234
0.0082418305
0.0089503913
0.0086912868
0.0084415562
0.0088546855
0.0085714923
0.0086896121
0.0088735705
0.0097912227
0.0096979822
0.0091902954
0.0087541245
0.0083567076
0.0086223671
0.0087760821
0.0097793895
0.0096042234
0.0090305177
0.0087966535
0.0083824450
0.0083927309
0.0087402048
0.0084631597
0.0083094605
0.0083339866
0.0085460182
0.0089175886
0.0094405513
0.0093711053
0.0097143675
0.0091942397
0.0091157489
0.0088551651
0.0086513316
0.0090724586
0.0092555257
0.0099941416
0.0104202118
0.0099488978
0.0096022199
0.0097334880
0.0094523819
0.0092733642
0.0085673490
0.0079598284
0.0078212845
0.0081644241
0.0087937987
0.0094415065
0.0088562186
0.0089545372
0.0090988200
0.0092159100
0.0089466905
0.0087143825
0.0084119668
0.0080718787
0.0083425301
0.0080340288
0.0082645891
0.0086779634
0.0078130051
0.0080697764
0.0084314202
0.0084123624
0.0084593969
0.0079600355
0.0081245435
0.0084939481
0.0081841562
0.0081454613
0.0080106836
0.0076977665
0.0077668364
0.0078036985
0.0070137737
0.0074818925
0.0075709562
0.0072162784
0.0073083970
0.0078405959
0.0084495894
0.0084236294
0.0081691745
0.0083124914
0.0089005904
0.0081115052
0.0078548768
0.0071646892
0.0080990924
0.0079260126
0.0075338715
0.0079840258
0.0077595605
0.0079129194
0.0079618482
0.0080585174
0.0080744630
0.0078834685
0.0077097365
0.0080499438
0.0078995317
0.0081751827
0.0081246922
0.0077090257
0.0082081647
0.0083095255
0.0081881693
0.0079684834
0.0078673426
0.0086037617
0.0077319382
0.0084842343
0.0080462522
0.0080984262
0.0082642170
0.0079326756
0.0081408385
0.0083565920
0.0085058723
0.0078124111
0.0080522003
0.0078670578
0.0076553557
0.0073373980
0.0082594317
0.0076408937
0.0077777158
0.0075501890
0.0077089779
0.0072859571
0.0071987278
0.0075714345
0.0083589025
0.0081421612
0.0085291539
0.0084080571
0.0086464290
0.0080695804
0.0075421599
0.0075861480
0.0070366638
0.0067745617
0.0070958431
0.0073192451
0.0070146413
0.0071896849
0.0081045932
0.0080653689
0.0080995858
0.0080428576
0.0086187268
0.0087423274
0.0087959305
0.0087494277
0.0085654422
0.0082173754
0.0078688687
0.0078297349
0.0073822292
0.0075180553
0.0080661222
0.0077837750
0.0084272534
0.0084168899
0.0081987266
0.0083217868
0.0085726111
0.0080301843
0.0071590201
0.0068961177
0.0074022632
0.0076317330
0.0074497914
0.0075068705
0.0072533838
0.0068042274
0.0072469631
0.0079339392
0.0082562096
0.0083759856
0.0080146007
0.0085245767
0.0080666140
0.0074884062
0.0073363415
0.0074320352
0.0074222490
0.0076253166
0.0078796594
0.0080310090
0.0085694900
0.0088832039
0.0084616145
0.0078810413
0.0082982239
0.0075967753
0.0073097656
0.0071615530
0.0077671168
0.0076739660
0.0075851474
0.0076108389
0.0074298035
0.0073669619
0.0069496156
0.0065317969
0.0063849220
0.0063573349
0.0066168706
0.0065462090
0.0068681020
0.0070828579
0.0067372297
0.0069748832
0.0071009752
0.0069912568
0.0069649323
0.0067623220
0.0062468956
0.0066629519
0.0066556804
0.0070072370
0.0061583682
0.0067178473
0.0065030550
0.0058920641
0.0062950512
0.0066612296
0.0067745986
0.0065968063
0.0070333644
0.0070066370
0.0073694484
0.0065300965
0.0070670290
0.0068220237
0.0071753202
0.0073027410
0.0071220447
0.0078505701
0.0078925806
0.0082650966
0.0083465957
0.0081260508
0.0079197539
0.0084837549
0.0079909263
0.0083069510
0.0089770275
0.0085684041
0.0084579530
0.0077359874
0.0075429942
0.0081899594
0.0076788662
0.0079089804
0.0080412279
0.0075838250
0.0077115764
0.0080132766
0.0075322640
0.0077434174
0.0078852848
0.0081128564
0.0086027182
0.0087278518
0.0082981226
0.0084254528
0.0084926704
0.0089171877
0.0085351585
0.0088727429
0.0091147328
0.0094518565
0.0088176081
0.0087325174
0.0084486367
0.0085067551
0.0083802112
0.0081361545
0.0078965532
0.0079621652
0.0075860780
0.0074731781
0.0071767832
0.0072008841
0.0073222027
0.0070967610
0.0076060335
0.0078595321
0.0081087535
0.0077655220
0.0077402614
0.0074217915
0.0072639699
0.0078040704
0.0075207425
0.0072014005
0.0077066400
0.0070759418
0.0070093232
0.0071709997
0.0065584607
0.0063300332
0.0059683342
0.0061155211
0.0067426348
0.0072591647
0.0074023718
0.0072720640
0.0072787165
0.0069548552
0.0070760603
0.0073061649
0.0073894612
0.0072031202
0.0069180458
0.0072012985
0.0070025147
0.0066725750
0.0072673467
0.0067957005
0.0067973896
0.0071667291
0.0074315270
0.0076642246
0.0079240614
0.0076848738
0.0077372555
0.0078584453
0.0081880999
0.0080019692
0.0083369178
0.0086281512
0.0083103906
0.0087120551
0.0089147017
0.0083843892
0.0080559544
0.0081328976
0.0076233540
0.0081661587
0.0079326982
0.0078611754
0.0082142952
0.0084679405
0.0087718332
0.0088101555
0.0081409274
0.0084846750
0.0084077917
0.0080649900
0.0086839138
0.0087938511
0.0086852064
0.0083432766
0.0081995568
0.0078751214
0.0079395475
0.0078948574
0.0078521791
0.0080769101
0.0080069468
0.0078879398
0.0085767519
0.0087457569
0.0090307032
0.0095006361
0.0090396565
0.0087335004
0.0082830575
0.0089297061
0.0084217586
0.0087037267
0.0083293692
0.0084874329
0.0079752996
0.0081163253
0.0085172618
0.0087934937
0.0088049175
0.0091141174
0.0096617237
0.0097006178
0.0098793733
0.0094626540
0.0102208488
0.0100085577
0.0101945020
0.0101389102
0.0106835550
0.0100272022
0.0095826255
0.0093538867
0.0094658710
0.0099938568
0.0100757979
0.0094814940
0.0096291439
0.0097452906
0.0096460512
0.0097583598
0.0097498993
0.0093898180
0.0081278447
0.0086129521
0.0089137190
0.0087228247
0.0083545780
0.0086743030
0.0084112791
0.0084907748
0.0086279422
0.0095782201
0.0091789992
0.0099324049
0.0094848036
0.0093964853
0.0089766969
0.0086894226
0.0095248844
0.0091813838
0.0090370968
0.0086025747
0.0084686607
0.0090311008
0.0082344927
0.0079577812
0.0086805056
0.0084456359
0.0086648277
0.0080724513
0.0080201755
0.0083402946
0.0087259013
0.0087609634
0.0086418063
0.0089680974
0.0082347405
0.0083495019
0.0079355692
0.0082511490
0.0082711856
0.0086457679
0.0090491705
0.0091915012
0.0087184709
0.0086326701
0.0087987154
0.0085580798
0.0089103513
0.0084827289
0.0088841289
0.0086244488
0.0083655939
0.0087275750
0.0088795618
0.0088859079
0.0087496162
0.0091972999
0.0087903894
0.0097505912
0.0101451218
0.0095290793
0.0090328205
0.0087681371
0.0089607114
0.0090033874
0.0095039215
0.0094279166
0.0090611297
0.0094216592
0.0093193039
0.0090834680
0.0088420320
0.0094416801
0.0093339379
0.0088583276
0.0098738271
0.0095740549
0.0093944568
0.0089787850
0.0092838332
0.0099928118
0.0104085303
0.0102828432
0.0105153333
0.0098924482
0.0097276452
0.0099758565
0.0093766973
0.0092803469
0.0093352423
0.0091156535
0.0091661461
0.0095368198
0.0089885439
0.0088715344
0.0083370828
0.0083985698
0.0079891540
0.0083880709
0.0079393149
0.0082961276
0.0081388512
0.0084046191
0.0091042182
0.0091166561
0.0094431063
0.0095753596
0.0096793319
0.0097295565
0.0096949240
0.0093325724
0.0092229196
0.0095918716
0.0097008835
0.0097878516
0.0094949410
0.0088659760
0.0088467946
0.0086755432
0.0092091491
0.0094948578
0.0102985929
0.0098599169
0.0101116951
0.0095200846
0.0093367952
0.0097462133
0.0102501307
0.0103051642
0.0091291973
0.0092947442
0.0087553965
0.0093888077
0.0096051206
0.0101361680
0.0104646994
0.0094886754
0.0098690791
0.0098582792
0.0100701839
0.0096056509
0.0086043585
0.0090055644
0.0084452528
0.0082311219
0.0079487034
0.0079672309
0.0082839660
0.0088422348
0.0085022638
0.0085784756
0.0086346019
0.0079999117
0.0080891381
0.0080422683
0.0078858450
0.0080443600
0.0084865977
0.0080038552
0.0082616637
0.0084741620
0.0086490485
0.0082718816
0.0082504104
0.0076044991
0.0073553428
0.0072060997
0.0075658214
0.0077213913
0.0075125128
0.0071655353
0.0074284589
0.0073822388
0.0067652983
0.0076000905
0.0076742338
0.0075019372
0.0069447777
0.0072536194
0.0070087731
0.0077501845
0.0074680075
0.0075522395
0.0081147949
0.0078724303
0.0084047486
0.0081983824
0.0087256109
0.0085224356
0.0087099606
0.0087290565
0.0080195637
0.0085486980
0.0084205631
0.0085312819
0.0084615601
0.0082671236
0.0081288350
0.0081120022
0.0082643644
0.0083630734
0.0085377157
0.0081134556
0.0092265556
0.0084803187
0.0083479539
0.0079170123
0.0078913529
0.0081606201
0.0081088592
0.0073735210
0.0078182842
0.0079209843
0.0078633353
0.0083151066
0.0086893900
0.0087543097
0.0089793729
0.0084551177
0.0080524068
0.0081384913
0.0084395400
0.0082631966
0.0088020545
0.0088977402
0.0086358623
0.0090158351
0.0092534730
0.0091477358
0.0085902188
0.0083756215
0.0076644743
0.0072077073
0.0070056573
0.0073024363
0.0076810791
0.0086610805
0.0085862155
0.0082043844
0.0084877338
0.0082684942
0.0086034512
0.0088356452
0.0086148450
0.0095123062
0.0097996283
0.0101575169
0.0094389330
0.0095753865
0.0088544004
0.0087236018
0.0088276976
0.0085257390
0.0083587595
0.0087895236
0.0082233517
0.0082576869
0.0086262367
0.0082406384
0.0077989581
0.0082309569
0.0079923143
0.0084411393
0.0088914206
0.0093777821
0.0093989115
0.0095477802
0.0095531990
0.0095652183
0.0097627162
0.0092860091
0.0103804863
0.0103193438
0.0103890661
0.0111007100
0.0108941192
0.0107539355
0.0107505781
0.0106372140
0.0102894685
0.0100701197
0.0101106533
0.0096092392
0.0095756725
0.0089482386
0.0093329307
0.0089001525
0.0087038403
0.0088525701
0.0090936229
0.0094993137
0.0106191206
0.0102851595
0.0097103450
0.0092424632
0.0103505623
0.0104324236
0.0097045066
0.0097470742
0.0095471252
0.0089162344
0.0084805026
0.0079351382
0.0081704976
0.0090457348
0.0081165165
0.0084577483
0.0080107589
0.0081068233
0.0086246287
0.0091113790
0.0088195285
0.0085641197
0.0090267967
0.0095846648
0.0090287924
0.0090513253
0.0090447819
0.0087206307
0.0090339940
0.0087489481
0.0086139133
0.0085834713
0.0082470172
0.0082453445
0.0083366916
0.0084458980
0.0079132775
0.0081985414
0.0086035625
0.0090719384
0.0081381538
0.0092315054
0.0098086112
0.0095492622
0.0095644097
0.0097724923
0.0095372864
0.0091513795
0.0094007135
0.0099492689
0.0099655685
0.0107188691
0.0112243517
0.0107494429
0.0103277933
0.0097837547
0.0097389078
0.0095157362
0.0100140767
0.0092359010
0.0096397749
0.0095921874
0.0098205443
0.0100201015
0.0100159002
0.0093429384
0.0092244265
0.0096924437
0.0090050937
0.0096527198
0.0098733702
0.0091558148
0.0093156399
0.0094735498
0.0095584046
0.0094958384
0.0101551746
0.0101779349
0.0105039846
0.0101513357
0.0098040360
0.0091572751
0.0086448254
0.0087377985
0.0086363598
0.0089434734
0.0093070777
0.0089578559
0.0094554918
0.0097309290
0.0097420626
0.0091945189
0.0094912108
0.0096677280
0.0098253441
0.0099241806
0.0099142744
0.0099417838
0.0098862728
0.0104310950
0.0111362809
0.0107936286
0.0100550977
0.0094393237
0.0089781051
0.0088910838
0.0087082898
0.0088318594
0.0093993707
0.0090047822
0.0082882727
0.0082785632
0.0077468032
0.0080951933
0.0082022134
0.0081072297
0.0086082428
0.0081575504
0.0085328139
0.0092571157
0.0089996638
0.0082921963
0.0080625226
0.0084648721
0.0085281786
0.0091163448
0.0086016947
0.0086848334
0.0084203863
0.0085508631
0.0085455769
0.0081809428
0.0087553420
0.0090248987
0.0088006235
0.0088997735
0.0085480694
0.0085800496
0.0084623188
0.0087312512
0.0095458825
0.0093575093
0.0091522547
0.0087929345
0.0089010681
0.0095850869
0.0097798332
0.0092955673
0.0102308008
0.0101390195
0.0090231846
0.0089278581
0.0089656259
0.0095584521
0.0093221261
0.0090207702
0.0095479842
0.0095719225
0.0095742436
0.0102147657
0.0100362021
0.0098427617
0.0095465416
0.0091366122
0.0085518459
0.0089932309
0.0089854095
0.0089908460
0.0086050137
0.0089436947
0.0085905556
0.0089466767
0.0092829156
0.0097260222
0.0085693860
0.0083404631
0.0081956502
0.0086509868
0.0079583672
0.0076564461
0.0076557725
0.0070817992
0.0075954479
0.0075709336
0.0078244778
0.0076012497
0.0077795169
0.0077295546
0.0079287989
0.0077370186
0.0073135790
0.0081245780
0.0083501279
0.0079752096
0.0082229776
0.0081845234
0.0084453376
0.0083597392
0.0087043776
0.0088014839
0.0088399889
0.0088547294
0.0087633076
0.0086917080
0.0095408367
0.0089801636
0.0088508218
0.0085117954
0.0083134025
0.0078953972
0.0083886008
0.0089627563
0.0084968281
0.0082926751
0.0085644440
0.0087533382
0.0092399395
0.0087399093
0.0087109527
0.0081699673
0.0086088243
0.0084884146
0.0089031995
0.0091194733
0.0087387782
0.0082006351
0.0075257567
0.0079202832
0.0076644444
0.0078262858
0.0081829883
0.0080825372
0.0087134981
0.0084886174
0.0084373973
0.0082420979
0.0087557179
0.0087840433
0.0087983278
0.0089317509
0.0078934368
0.0081461751
0.0082646645
0.0073768598
0.0079331803
0.0076120574
0.0079005425
0.0080337280
0.0080586366
0.0083453897
0.0073785840
0.0080005649
0.0074117424
0.0073269543
0.0075924805
0.0072141577
0.0074864456
0.0079710191
0.0078597400
0.0074392938
0.0071616681
0.0067882545
0.0069727850
0.0066475788
0.0069298113
0.0077189524
0.0075418931
0.0075061367
0.0081041708
0.0080899406
0.0080566865
0.0076483214
0.0077480207
0.0089146701
0.0086385100
0.0084968050
0.0078271083
0.0080444765
0.0081548896
0.0083956125
0.0091180817
0.0087184494
0.0083693995
0.0085483604
0.0080044458
0.0084372860
0.0080642012
0.0085052163
0.0086791746
0.0091732806
0.0083923459
0.0085265734
0.0083302536
0.0084770070
0.0080987680
0.0078669077
0.0084571850
0.0081574016
0.0076103382
0.0079256767
0.0081999640
0.0090092291
0.0091231040
0.0087065863
0.0085316210
0.0084402440
0.0079754911
0.0080818318
0.0079548018
0.0077983012
0.0083849257
0.0084760265
0.0081471461
0.0088121735
0.0087933711
0.0089440844
0.0089431319
0.0094476690
0.0093037137
0.0089244968
0.0092763937
0.0092267105
0.0084922039
0.0085041155
0.0085451253
0.0086239130
0.0093473040
0.0085220397
0.0085642939
0.0086725930
0.0081990439
0.0081595087
0.0077509310
0.0079817127
0.0078479153
0.0079048690
0.0077461619
0.0080927644
0.0078016204
0.0081259250
0.0070876953
0.0071276664
0.0075199125
0.0080323248
0.0078452391
0.0078909239
0.0081303350
0.0077399953
0.0074649374
0.0068950330
0.0079423643
0.0079105229
0.0077065540
0.0080305318
0.0080936904
0.0078248862
0.0077691112
0.0081315038
0.0080229557
0.0083004307
0.0079684439
0.0081747641
0.0082652051
0.0079359398
0.0081012903
0.0082978564
0.0082712463
0.0080473393
0.0090951828
0.0096921770
0.0086958506
0.0087112340
0.0084250305
0.0080727985
0.0077554570
0.0079259140
0.0088738171
0.0086333588
0.0085789457
0.0094378655
0.0087161462
0.0086546722
0.0086348127
0.0080999576
0.0090613293
0.0090236704
0.0082053960
0.0082854882
0.0087352916
0.0085608372
0.0086943756
0.0091071189
0.0083567489
0.0085060261
0.0082818144
0.0080879016
0.0076247945
0.0075038638
0.0074196201
0.0078417670
0.0072289156
0.0074186350
0.0074773821
0.0076396653
0.0079488169
0.0078094447
0.0078682750
0.0076623264
0.0081276141
0.0081925108
0.0088074991
0.0089895449
0.0085372049
0.0092474652
0.0094821950
0.0100484791
0.0103005276
0.0097380419
0.0098345274
0.0093320173
0.0087807946
0.0090791140
0.0092371383
0.0091996388
0.0093530916
0.0095533992
0.0087712097
0.0094314075
0.0090576027
0.0086723821
0.0090703791
0.0090804184
0.0100984896
0.0094248219
0.0083444806
0.0086852410
0.0088332845
0.0092380051
0.0096413444
0.0091221541
0.0094770292
0.0087317058
0.0082364895
0.0087276527
0.0081024492
0.0080000726
0.0082319815
0.0080913097
0.0088845169
0.0091284646
0.0098538737
0.0093934043
0.0084330109
0.0083707749
0.0080895706
0.0083365349
0.0081130117
0.0078560783
0.0077176736
0.0080354845
0.0081993600
0.0082308991
0.0084426788
0.0082995527
0.0082814881
0.0087972683
0.0085332883
0.0088530638
0.0086428234
0.0092517891
0.0094172154
0.0098887236
0.0099126142
0.0099291099
0.0098743863
0.0092055987
0.0089131801
0.0091915550
0.0093893983
0.0093802018
0.0094597942
0.0090616110
0.0093135899
0.0097573683
0.0086251142
0.0085404978
0.0084782380
0.0085538468
0.0088828891
0.0082825559
0.0077978066
0.0082499245
0.0085432239
0.0085275533
0.0089179124
0.0082712419
0.0081172499
0.0083430909
0.0083155286
0.0084260905
0.0084104775
0.0089774645
0.0087341647
0.0087781086
0.0092072740
0.0090302799
0.0098299985
0.0094170590
0.0084095354
0.0085905820
0.0083026784
0.0085956473
0.0084508250
0.0087579091
0.0092455148
0.0085815279
0.0093326336
0.0091850668
0.0094297773
0.0089138917
0.0098183238
0.0095608867
0.0082351786
0.0081571975
0.0081851695
0.0083761169
0.0078811187
0.0081910163
0.0078802488
0.0080250929
0.0084987666
0.0077475405
0.0080279744
0.0082065130
0.0077484480
0.0078196212
0.0082147291
0.0083234760
0.0078281958
0.0075491364
0.0073025089
0.0074589686
0.0070886329
0.0069994718
0.0076323393
0.0076932023
0.0079681248
0.0078711265
0.0084743077
0.0086863342
0.0088723752
0.0086324016
0.0085740153
0.0084203940
0.0086192176
0.0091482865
0.0089845294
0.0091453835
0.0088257448
0.0087882893
0.0087083056
0.0089524843
0.0093724415
0.0091854919
0.0079908814
0.0087995326
0.0084735015
0.0086043568
0.0085634077
0.0081974459
0.0084814315
0.0082398354
0.0076309281
0.0077689244
0.0080694245
0.0080775628
0.0083578066
0.0085281796
0.0086755657
0.0085906264
0.0090417663
0.0086978257
0.0080415175
0.0078664054
0.0084075602
0.0086522331
0.0086822148
0.0086210457
0.0085018176
0.0082339427
0.0087741117
0.0082815052
0.0086304874
0.0083792380
0.0076387872
0.0075759595
0.0072596026
0.0070436394
0.0067867057
0.0068592620
0.0066791668
0.0069287560
0.0066518390
0.0074495207
0.0069585155
0.0072737677
0.0072619115
0.0071912796
0.0068961093
0.0077629304
0.0079530427
0.0080594317
0.0083685574
0.0080158273
0.0084319516
0.0084192820
0.0084167355
0.0082956889
0.0080324052
0.0084008244
0.0082302329
0.0085168740
0.0085182751
0.0084626246
0.0085546297
0.0078482617
0.0079137218
0.0079720907
0.0080717149
0.0078217492
0.0082435767
0.0083992952
0.0079195098
0.0077627392
0.0079459909
0.0086827957
0.0086024465
0.0086486407
0.0086735907
0.0091188435
0.0087066129
0.0084917319
0.0076759571
0.0081661367
0.0080390740
0.0077658148
0.0084396816
0.0085562600
0.0086411914
0.0079308589
0.0081132589
0.0081531314
0.0084262558
0.0083086715
0.0084116806
0.0087503233
0.0089343548
0.0086557868
0.0095307763
0.0096592425
0.0102242708
0.0092156514
0.0085060605
0.0078523109
0.0081831924
0.0076763457
0.0074794588
0.0071500520
0.0072161678
0.0070679812
0.0070242196
0.0071181189
0.0071802543
0.0070127749
0.0080068685
0.0087042152
0.0086290014
0.0078945111
0.0075941592
0.0080539936
0.0079269411
0.0082754802
0.0084460764
0.0086837075
0.0091691381
0.0094671029
0.0090237593
0.0097843167
0.0091781491
0.0087703090
0.0087036758
0.0088142774
0.0088539876
0.0092545352
0.0091565387
0.0087025588
0.0085489786
0.0082674547
0.0095424735
0.0083774108
0.0084538313
0.0086818300
0.0086109688
0.0077886318
0.0084758601
0.0085920401
0.0081588708
0.0080333949
0.0082641693
0.0079573018
0.0077876198
0.0080923375
0.0085721049
0.0088923639
0.0097022750
0.0094553510
0.0091032691
0.0083029784
0.0089473034
0.0087831989
0.0086450416
0.0093246163
0.0089365656
0.0088798797
0.0085522659
0.0087006997
0.0082655186
0.0085483123
0.0089024782
0.0084160432
0.0083665915
0.0081257095
0.0078786813
0.0080634287
0.0076053803
0.0078418253
0.0079348390
0.0088432942
0.0079795419
0.0088217668
0.0085032005
0.0086238168
0.0085729937
0.0078494816
0.0075286266
0.0081356058
0.0083225037
0.0086443084
0.0091378338
0.0091790270
0.0095431214
0.0090127609
0.0089621580
0.0084111850
0.0084309387
0.0084027283
0.0087742946
0.0090190203
0.0089364111
0.0085036130
0.0080311360
0.0077921193
0.0079431870
0.0084663173
0.0087891942
0.0083544271
0.0080821129
0.0087861567
0.0085009617
0.0084524673
0.0081908733
0.0091740266
0.0089114042
0.0092908429
0.0095736475
0.0091454643
0.0085846085
0.0088990990
0.0089313158
0.0092354076
0.0092935319
0.0083886648
0.0094559697
0.0096821901
0.0095087627
0.0089848935
0.0086664267
0.0083193081
0.0081028611
0.0084706167
0.0085318764
0.0084221590
0.0089657905
0.0086358116
0.0090507284
0.0092291003
0.0097951352
0.0092292403
0.0086004401
0.0092056508
0.0094740519
0.0088632909
0.0092517458
0.0090778750
0.0090306188
0.0093725333
0.0086391213
0.0085300516
0.0082456310
0.0086963391
0.0085672532
0.0088728972
0.0089166212
0.0082885259
0.0081677970
0.0080334974
0.0081425416
0.0078956936
0.0079439207
0.0076297192
0.0078100593
0.0079355255
0.0080783885
0.0081906244
0.0086568011
0.0085254785
0.0086135998
0.0087219602
0.0083993548
0.0082278682
0.0077954962
0.0079500648
0.0084676142
0.0090874425
0.0089604451
0.0091343957
0.0090253439
0.0093593748
0.0089502869
0.0086347404
0.0081083826
0.0082784564
0.0081859271
0.0079451996
0.0085706320
0.0087028181
0.0093559323
0.0096513013
0.0102269148
0.0095214216
0.0089837657
0.0096025514
0.0099801056
0.0093094701
0.0095737119
0.0095946667
0.0098246143
0.0094559624
0.0087287576
0.0088562319
0.0082840018
0.0086632413
0.0084825988
0.0087524787
0.0082631834
0.0086259999
0.0084097927
0.0081424416
0.0081985456
0.0086578459
0.0082961623
0.0090730472
0.0087679625
0.0097291159
0.0091755332
0.0090516385
0.0090941777
0.0088520835
0.0089689101
0.0089159041
0.0086925423
0.0078749131
0.0076847851
0.0082196714
0.0086395776
0.0078977112
0.0078115634
0.0073460732
0.0076995992
0.0072956067
0.0073914427
0.0077821342
0.0070893526
0.0071147786
0.0073748899
0.0082515585
0.0078435028
0.0082935817
0.0086675921
0.0089851712
0.0092273841
0.0088495635
0.0087079377
0.0091570969
0.0085284400
0.0081441467
0.0085045701
0.0086870295
0.0084537736
0.0089069436
0.0084055696
0.0085411117
0.0087669940
0.0090700437
0.0091406953
0.0095262642
0.0096633550
0.0090410121
0.0093664432
0.0089678148
0.0090005676
0.0085319346
0.0084589529
0.0086540286
0.0085359405
0.0082406756
0.0082934277
0.0085815675
0.0084350045
0.0081677376
0.0084965261
0.0085401518
0.0085438678
0.0085406840
0.0091768330
0.0090468026
0.0086983660
0.0084156210
0.0083051124
0.0085232270
0.0089432741
0.0079531212
0.0078480201
0.0081360798
0.0086973830
0.0085522975
0.0084550876
0.0093011366
0.0094282014
0.0095897502
0.0090153913
0.0085233569
0.0079426339
0.0078928393
0.0076985614
0.0079900365
0.0084423433
0.0082141567
0.0084750336
0.0085668760
0.0089947968
0.0087230843
0.0082113739
0.0082828758
0.0086760312
0.0088061580
0.0084662864
0.0088379293
0.0082797350
0.0082095416
0.0083489301
0.0078279305
0.0076393139
0.0075671316
0.0072468197
0.0072030172
0.0074838079
0.0075311526
0.0084039987
0.0082862291
0.0083287969
0.0085311296
0.0081545771
0.0090694251
0.0089923684
0.0090561410
0.0090792901
0.0088762924
0.0089383253
0.0095810793
0.0086942999
0.0085143070
0.0085916281
0.0082773480
0.0084451218
0.0086270381
0.0083426198
0.0082649096
0.0086428898
0.0078664417
0.0083659976
0.0079675659
0.0079909157
0.0074500267
0.0076371171
0.0078405333
0.0078711740
0.0085763411
0.0087081414
0.0090838215
0.0092419217
0.0088994824
0.0096442219
0.0094311463
0.0091575242
0.0086730080
0.0089666251
0.0086475694
0.0089483818
0.0082971400
0.0078427632
0.0085205690
0.0078241489
0.0080306139
0.0082320405
0.0088849952
0.0091682271
0.0090192102
0.0092464201
0.0100411853
0.0095575588
0.0097580656
0.0097480080
0.0094353291
0.0090106103
0.0093167860
0.0098920157
0.0099614617
0.0104183359
0.0100368140
0.0094791157
0.0099749609
0.0099288957
0.0094473025
0.0094582576
0.0100517043
0.0095350546
0.0096011025
0.0091525536
0.0091032738
0.0090590719
0.0086443441
0.0082657293
0.0084500798
0.0083401446
0.0078181246
0.0076367044
0.0075735711
0.0077188882
0.0084476693
0.0084621776
0.0087650952
0.0084291935
0.0074743853
0.0074766665
0.0081335440
0.0082841843
0.0082619527
0.0078960854
0.0084118618
0.0084537904
0.0085963581
0.0085348642
0.0084606970
0.0080625939
0.0081070379
0.0087507057
0.0082943298
0.0084520839
0.0087208083
0.0084179411
0.0085047076
0.0093500925
0.0093100751
0.0092397385
0.0088853470
0.0086695022
0.0081751293
0.0084207782
0.0087224442
0.0090890396
0.0082962636
0.0082801452
0.0083727573
0.0085088714
0.0082440623
0.0088593489
0.0084444515
0.0083295285
0.0083031404
0.0081996284
0.0079746269
0.0079234443
0.0080266839
0.0082023428
0.0085863027
0.0091957905
0.0093496315
0.0092346914
0.0090890449
0.0096997477
0.0097178491
0.0105022483
0.0096191437
0.0099903378
0.0100338054
