  1.0000000000000000e+000
  1.0000000000000000e+000
  1.0000000000000000e+000
  1.0000000000000000e+000
  1.0000000000000000e+000
  1.0000000000000000e+000
  1.0000000000000000e+000
  1.0000000000000000e+000
  1.0000000000000000e+000
  1.0000000000000000e+000
 -9.9900000000000000e+002
 -9.9900000000000000e+002
 -9.9900000000000000e+002
  1.1106429266600064e+000
 -9.9900000000000000e+002
 -9.9900000000000000e+002
 -9.9900000000000000e+002
 -9.9900000000000000e+002
 -9.9900000000000000e+002
 -9.9900000000000000e+002
 -9.9900000000000000e+002
  1.1632959910541067e+000
  1.2270454265717206e+000
 -9.9900000000000000e+002
 -9.9900000000000000e+002
 -9.9900000000000000e+002
  1.1156746767967809e+000
  1.2192220673416645e+000
 -9.9900000000000000e+002
  1.1211755507796992e+000
 -9.9900000000000000e+002
  1.2668882054960897e+000
 -9.9900000000000000e+002
  1.3139487175480637e+000
  1.1905148297964281e+000
  1.1910094906562820e+000
 -9.9900000000000000e+002
 -9.9900000000000000e+002
  1.1201033575260360e+000
 -9.9900000000000000e+002
  1.0670858129928351e+000
  1.2831293889892099e+000
  1.1543993782565083e+000
 -9.9900000000000000e+002
  1.3700222868556429e+000
  1.4252945437327265e+000
  1.2333135669142912e+000
  1.1862875093507002e+000
 -9.9900000000000000e+002
  1.1867738128867347e+000
 -9.9900000000000000e+002
 -9.9900000000000000e+002
 -9.9900000000000000e+002
  1.4665863320573234e+000
 -9.9900000000000000e+002
 -9.9900000000000000e+002
 -9.9900000000000000e+002
  1.2934067448933595e+000
 -9.9900000000000000e+002
 -9.9900000000000000e+002
  1.2725641427922796e+000
 -9.9900000000000000e+002
 -9.9900000000000000e+002
 -9.9900000000000000e+002
 -9.9900000000000000e+002
 -9.9900000000000000e+002
 -9.9900000000000000e+002
  1.3770504183253693e+000
  1.1694990423597835e+000
 -9.9900000000000000e+002
 -9.9900000000000000e+002
 -9.9900000000000000e+002
 -9.9900000000000000e+002
 -9.9900000000000000e+002
 -9.9900000000000000e+002
 -9.9900000000000000e+002
 -9.9900000000000000e+002
 -9.9900000000000000e+002
 -9.9900000000000000e+002
 -9.9900000000000000e+002
  1.2419947142868537e+000
 -9.9900000000000000e+002
 -9.9900000000000000e+002
  1.5605237391434497e+000
 -9.9900000000000000e+002
 -9.9900000000000000e+002
  1.3772607916851030e+000
 -9.9900000000000000e+002
 -9.9900000000000000e+002
 -9.9900000000000000e+002
  1.3018084305547217e+000
 -9.9900000000000000e+002
 -9.9900000000000000e+002
 -9.9900000000000000e+002
 -9.9900000000000000e+002
 -9.9900000000000000e+002
 -9.9900000000000000e+002
 -9.9900000000000000e+002
 -9.9900000000000000e+002
 -9.9900000000000000e+002
 -9.9900000000000000e+002
 -9.9900000000000000e+002
 -9.9900000000000000e+002
 -9.9900000000000000e+002
 -9.9900000000000000e+002
 -9.9900000000000000e+002
 -9.9900000000000000e+002
 -9.9900000000000000e+002
 -9.9900000000000000e+002
 -9.9900000000000000e+002
 -9.9900000000000000e+002
 -9.9900000000000000e+002
 -9.9900000000000000e+002
 -9.9900000000000000e+002
 -9.9900000000000000e+002
 -9.9900000000000000e+002
 -9.9900000000000000e+002
 -9.9900000000000000e+002
 -9.9900000000000000e+002
 -9.9900000000000000e+002
  1.2971137754021733e+000
 -9.9900000000000000e+002
 -9.9900000000000000e+002
 -9.9900000000000000e+002
  1.4144094506839640e+000
 -9.9900000000000000e+002
 -9.9900000000000000e+002
 -9.9900000000000000e+002
 -9.9900000000000000e+002
 -9.9900000000000000e+002
 -9.9900000000000000e+002
 -9.9900000000000000e+002
  1.4004760411338293e+000
 -9.9900000000000000e+002
 -9.9900000000000000e+002
 -9.9900000000000000e+002
 -9.9900000000000000e+002
 -9.9900000000000000e+002
 -9.9900000000000000e+002
 -9.9900000000000000e+002
  1.4050470094220859e+000
 -9.9900000000000000e+002
 -9.9900000000000000e+002
 -9.9900000000000000e+002
 -9.9900000000000000e+002
 -9.9900000000000000e+002
  1.5101221475331135e+000
 -9.9900000000000000e+002
 -9.9900000000000000e+002
 -9.9900000000000000e+002
 -9.9900000000000000e+002
 -9.9900000000000000e+002
  1.5228351078332532e+000
 -9.9900000000000000e+002
 -9.9900000000000000e+002
 -9.9900000000000000e+002
 -9.9900000000000000e+002
 -9.9900000000000000e+002
 -9.9900000000000000e+002
 -9.9900000000000000e+002
 -9.9900000000000000e+002
 -9.9900000000000000e+002
 -9.9900000000000000e+002
 -9.9900000000000000e+002
 -9.9900000000000000e+002
 -9.9900000000000000e+002
 -9.9900000000000000e+002
 -9.9900000000000000e+002
 -9.9900000000000000e+002
 -9.9900000000000000e+002
 -9.9900000000000000e+002
 -9.9900000000000000e+002
  1.6480359567056801e+000
 -9.9900000000000000e+002
 -9.9900000000000000e+002
 -9.9900000000000000e+002
 -9.9900000000000000e+002
 -9.9900000000000000e+002
 -9.9900000000000000e+002
 -9.9900000000000000e+002
 -9.9900000000000000e+002
 -9.9900000000000000e+002
  1.6615530166527006e+000
 -9.9900000000000000e+002
 -9.9900000000000000e+002
 -9.9900000000000000e+002
 -9.9900000000000000e+002
 -9.9900000000000000e+002
 -9.9900000000000000e+002
 -9.9900000000000000e+002
 -9.9900000000000000e+002
  1.1777049923296679e+000
 -9.9900000000000000e+002
 -9.9900000000000000e+002
 -9.9900000000000000e+002
 -9.9900000000000000e+002
 -9.9900000000000000e+002
 -9.9900000000000000e+002
 -9.9900000000000000e+002
 -9.9900000000000000e+002
 -9.9900000000000000e+002
 -9.9900000000000000e+002
 -9.9900000000000000e+002
 -9.9900000000000000e+002
  1.4920682393082780e+000
 -9.9900000000000000e+002
 -9.9900000000000000e+002
 -9.9900000000000000e+002
 -9.9900000000000000e+002
 -9.9900000000000000e+002
 -9.9900000000000000e+002
 -9.9900000000000000e+002
 -9.9900000000000000e+002
 -9.9900000000000000e+002
 -9.9900000000000000e+002
 -9.9900000000000000e+002
 -9.9900000000000000e+002
 -9.9900000000000000e+002
 -9.9900000000000000e+002
 -9.9900000000000000e+002
 -9.9900000000000000e+002
 -9.9900000000000000e+002
 -9.9900000000000000e+002
 -9.9900000000000000e+002
  1.4505909506573140e+000
 -9.9900000000000000e+002
 -9.9900000000000000e+002
 -9.9900000000000000e+002
 -9.9900000000000000e+002
 -9.9900000000000000e+002
 -9.9900000000000000e+002
 -9.9900000000000000e+002
 -9.9900000000000000e+002
 -9.9900000000000000e+002
  1.5947618997046749e+000
 -9.9900000000000000e+002
 -9.9900000000000000e+002
 -9.9900000000000000e+002
 -9.9900000000000000e+002
 -9.9900000000000000e+002
 -9.9900000000000000e+002
 -9.9900000000000000e+002
 -9.9900000000000000e+002
 -9.9900000000000000e+002
  1.7155672873290972e+000
 -9.9900000000000000e+002
 -9.9900000000000000e+002
 -9.9900000000000000e+002
 -9.9900000000000000e+002
 -9.9900000000000000e+002
 -9.9900000000000000e+002
 -9.9900000000000000e+002
 -9.9900000000000000e+002
 -9.9900000000000000e+002
 -9.9900000000000000e+002
  1.4093333404065251e+000
 -9.9900000000000000e+002
 -9.9900000000000000e+002
 -9.9900000000000000e+002
 -9.9900000000000000e+002
 -9.9900000000000000e+002
 -9.9900000000000000e+002
 -9.9900000000000000e+002
 -9.9900000000000000e+002
  1.8006668947759044e+000
 -9.9900000000000000e+002
 -9.9900000000000000e+002
 -9.9900000000000000e+002
 -9.9900000000000000e+002
 -9.9900000000000000e+002
 -9.9900000000000000e+002
 -9.9900000000000000e+002
 -9.9900000000000000e+002
 -9.9900000000000000e+002
 -9.9900000000000000e+002
 -9.9900000000000000e+002
 -9.9900000000000000e+002
 -9.9900000000000000e+002
 -9.9900000000000000e+002
 -9.9900000000000000e+002
 -9.9900000000000000e+002
 -9.9900000000000000e+002
 -9.9900000000000000e+002
 -9.9900000000000000e+002
 -9.9900000000000000e+002
 -9.9900000000000000e+002
 -9.9900000000000000e+002
 -9.9900000000000000e+002
 -9.9900000000000000e+002
 -9.9900000000000000e+002
 -9.9900000000000000e+002
 -9.9900000000000000e+002
 -9.9900000000000000e+002
 -9.9900000000000000e+002
 -9.9900000000000000e+002
 -9.9900000000000000e+002
 -9.9900000000000000e+002
 -9.9900000000000000e+002
 -9.9900000000000000e+002
 -9.9900000000000000e+002
 -9.9900000000000000e+002
 -9.9900000000000000e+002
 -9.9900000000000000e+002
 -9.9900000000000000e+002
  1.7949564195033250e+000
 -9.9900000000000000e+002
 -9.9900000000000000e+002
 -9.9900000000000000e+002
 -9.9900000000000000e+002
 -9.9900000000000000e+002
 -9.9900000000000000e+002
 -9.9900000000000000e+002
 -9.9900000000000000e+002
 -9.9900000000000000e+002
 -9.9900000000000000e+002
 -9.9900000000000000e+002
 -9.9900000000000000e+002
  1.1572570777309541e+000
 -9.9900000000000000e+002
 -9.9900000000000000e+002
 -9.9900000000000000e+002
 -9.9900000000000000e+002
  1.7474551539381964e+000
 -9.9900000000000000e+002
  1.8900573898853761e+000
 -9.9900000000000000e+002
 -9.9900000000000000e+002
 -9.9900000000000000e+002
 -9.9900000000000000e+002
 -9.9900000000000000e+002
 -9.9900000000000000e+002
 -9.9900000000000000e+002
  1.7982886556753082e+000
 -9.9900000000000000e+002
 -9.9900000000000000e+002
 -9.9900000000000000e+002
 -9.9900000000000000e+002
 -9.9900000000000000e+002
 -9.9900000000000000e+002
 -9.9900000000000000e+002
 -9.9900000000000000e+002
 -9.9900000000000000e+002
  1.8874979138927865e+000
 -9.9900000000000000e+002
  1.8266028513328751e+000
 -9.9900000000000000e+002
  1.4616959356773354e+000
  1.3059214304681976e+000
 -9.9900000000000000e+002
 -9.9900000000000000e+002
 -9.9900000000000000e+002
 -9.9900000000000000e+002
  2.0685089639636858e+000
 -9.9900000000000000e+002
 -9.9900000000000000e+002
 -9.9900000000000000e+002
 -9.9900000000000000e+002
 -9.9900000000000000e+002
 -9.9900000000000000e+002
 -9.9900000000000000e+002
 -9.9900000000000000e+002
 -9.9900000000000000e+002
 -9.9900000000000000e+002
  1.4529204093392287e+000
  2.0411770660174731e+000
 -9.9900000000000000e+002
 -9.9900000000000000e+002
 -9.9900000000000000e+002
 -9.9900000000000000e+002
 -9.9900000000000000e+002
 -9.9900000000000000e+002
 -9.9900000000000000e+002
  2.2324370421589159e+000
 -9.9900000000000000e+002
 -9.9900000000000000e+002
 -9.9900000000000000e+002
 -9.9900000000000000e+002
 -9.9900000000000000e+002
 -9.9900000000000000e+002
 -9.9900000000000000e+002
 -9.9900000000000000e+002
 -9.9900000000000000e+002
  2.2598235250270480e+000
  1.6098281754995172e+000
 -9.9900000000000000e+002
 -9.9900000000000000e+002
 -9.9900000000000000e+002
  1.1354062791267032e+000
 -9.9900000000000000e+002
 -9.9900000000000000e+002
 -9.9900000000000000e+002
 -9.9900000000000000e+002
 -9.9900000000000000e+002
 -9.9900000000000000e+002
 -9.9900000000000000e+002
 -9.9900000000000000e+002
 -9.9900000000000000e+002
 -9.9900000000000000e+002
 -9.9900000000000000e+002
 -9.9900000000000000e+002
 -9.9900000000000000e+002
 -9.9900000000000000e+002
 -9.9900000000000000e+002
 -9.9900000000000000e+002
 -9.9900000000000000e+002
 -9.9900000000000000e+002
 -9.9900000000000000e+002
 -9.9900000000000000e+002
 -9.9900000000000000e+002
 -9.9900000000000000e+002
 -9.9900000000000000e+002
 -9.9900000000000000e+002
  2.3798191177910466e+000
 -9.9900000000000000e+002
  2.0625855565667819e+000
 -9.9900000000000000e+002
 -9.9900000000000000e+002
 -9.9900000000000000e+002
 -9.9900000000000000e+002
 -9.9900000000000000e+002
 -9.9900000000000000e+002
 -9.9900000000000000e+002
 -9.9900000000000000e+002
 -9.9900000000000000e+002
  2.1347872538283363e+000
 -9.9900000000000000e+002
 -9.9900000000000000e+002
  1.2522799102224147e+000
 -9.9900000000000000e+002
 -9.9900000000000000e+002
 -9.9900000000000000e+002
  9.1247312916887080e-001
  2.4660887151843460e+000
 -9.9900000000000000e+002
 -9.9900000000000000e+002
 -9.9900000000000000e+002
 -9.9900000000000000e+002
 -9.9900000000000000e+002
 -9.9900000000000000e+002
 -9.9900000000000000e+002
 -9.9900000000000000e+002
  1.0036976626233318e+000
  2.6742953269442511e+000
 -9.9900000000000000e+002
  2.1365483494501198e+000
 -9.9900000000000000e+002
 -9.9900000000000000e+002
 -9.9900000000000000e+002
 -9.9900000000000000e+002
 -9.9900000000000000e+002
 -9.9900000000000000e+002
  1.1678860769444488e+000
 -9.9900000000000000e+002
  1.6466838445153842e+000
  2.3268543424634913e+000
 -9.9900000000000000e+002
 -9.9900000000000000e+002
 -9.9900000000000000e+002
 -9.9900000000000000e+002
 -9.9900000000000000e+002
 -9.9900000000000000e+002
  1.1997879531466149e+000
 -9.9900000000000000e+002
 -9.9900000000000000e+002
 -9.9900000000000000e+002
 -9.9900000000000000e+002
 -9.9900000000000000e+002
  1.3759535540835144e+000
 -9.9900000000000000e+002
 -9.9900000000000000e+002
 -9.9900000000000000e+002
 -9.9900000000000000e+002
 -9.9900000000000000e+002
 -9.9900000000000000e+002
 -9.9900000000000000e+002
 -9.9900000000000000e+002
 -9.9900000000000000e+002
 -9.9900000000000000e+002
 -9.9900000000000000e+002
 -9.9900000000000000e+002
 -9.9900000000000000e+002
 -9.9900000000000000e+002
 -9.9900000000000000e+002
 -9.9900000000000000e+002
 -9.9900000000000000e+002
 -9.9900000000000000e+002
 -9.9900000000000000e+002
  1.4704656296233236e+000
 -9.9900000000000000e+002
 -9.9900000000000000e+002
 -9.9900000000000000e+002
 -9.9900000000000000e+002
  2.7348682319889859e+000
  1.7271636981392624e+000
  2.4342052787606097e+000
 -9.9900000000000000e+002
 -9.9900000000000000e+002
 -9.9900000000000000e+002
 -9.9900000000000000e+002
 -9.9900000000000000e+002
 -9.9900000000000000e+002
 -9.9900000000000000e+002
 -9.9900000000000000e+002
 -9.9900000000000000e+002
 -9.9900000000000000e+002
 -9.9900000000000000e+002
 -9.9900000000000000e+002
  1.6286686963703303e+000
 -9.9900000000000000e+002
 -9.9900000000000000e+002
 -9.9900000000000000e+002
 -9.9900000000000000e+002
 -9.9900000000000000e+002
 -9.9900000000000000e+002
  2.3943847058363095e+000
 -9.9900000000000000e+002
 -9.9900000000000000e+002
 -9.9900000000000000e+002
 -9.9900000000000000e+002
 -9.9900000000000000e+002
 -9.9900000000000000e+002
 -9.9900000000000000e+002
 -9.9900000000000000e+002
 -9.9900000000000000e+002
  2.5231284478242646e+000
 -9.9900000000000000e+002
 -9.9900000000000000e+002
 -9.9900000000000000e+002
 -9.9900000000000000e+002
 -9.9900000000000000e+002
 -9.9900000000000000e+002
 -9.9900000000000000e+002
  2.7910870902269562e+000
 -9.9900000000000000e+002
 -9.9900000000000000e+002
 -9.9900000000000000e+002
 -9.9900000000000000e+002
 -9.9900000000000000e+002
 -9.9900000000000000e+002
 -9.9900000000000000e+002
 -9.9900000000000000e+002
 -9.9900000000000000e+002
 -9.9900000000000000e+002
 -9.9900000000000000e+002
  2.5432225903857457e+000
 -9.9900000000000000e+002
 -9.9900000000000000e+002
 -9.9900000000000000e+002
 -9.9900000000000000e+002
 -9.9900000000000000e+002
 -9.9900000000000000e+002
 -9.9900000000000000e+002
 -9.9900000000000000e+002
  1.6467449577746878e+000
 -9.9900000000000000e+002
 -9.9900000000000000e+002
 -9.9900000000000000e+002
 -9.9900000000000000e+002
 -9.9900000000000000e+002
 -9.9900000000000000e+002
 -9.9900000000000000e+002
 -9.9900000000000000e+002
 -9.9900000000000000e+002
 -9.9900000000000000e+002
  2.6036741820261926e+000
 -9.9900000000000000e+002
 -9.9900000000000000e+002
 -9.9900000000000000e+002
 -9.9900000000000000e+002
 -9.9900000000000000e+002
 -9.9900000000000000e+002
 -9.9900000000000000e+002
 -9.9900000000000000e+002
 -9.9900000000000000e+002
 -9.9900000000000000e+002
 -9.9900000000000000e+002
 -9.9900000000000000e+002
 -9.9900000000000000e+002
 -9.9900000000000000e+002
 -9.9900000000000000e+002
 -9.9900000000000000e+002
 -9.9900000000000000e+002
 -9.9900000000000000e+002
 -9.9900000000000000e+002
 -9.9900000000000000e+002
  1.3703025719328989e+000
  1.1717012295648703e+000
 -9.9900000000000000e+002
 -9.9900000000000000e+002
 -9.9900000000000000e+002
 -9.9900000000000000e+002
 -9.9900000000000000e+002
 -9.9900000000000000e+002
  1.5934766241293921e+000
 -9.9900000000000000e+002
  1.4047047885923121e+000
  1.1876743461655557e+000
 -9.9900000000000000e+002
 -9.9900000000000000e+002
 -9.9900000000000000e+002
 -9.9900000000000000e+002
 -9.9900000000000000e+002
 -9.9900000000000000e+002
  1.7187801799428890e+000
 -9.9900000000000000e+002
 -9.9900000000000000e+002
 -9.9900000000000000e+002
 -9.9900000000000000e+002
 -9.9900000000000000e+002
 -9.9900000000000000e+002
 -9.9900000000000000e+002
 -9.9900000000000000e+002
 -9.9900000000000000e+002
 -9.9900000000000000e+002
 -9.9900000000000000e+002
 -9.9900000000000000e+002
 -9.9900000000000000e+002
  1.5779458679041976e+000
 -9.9900000000000000e+002
 -9.9900000000000000e+002
 -9.9900000000000000e+002
 -9.9900000000000000e+002
 -9.9900000000000000e+002
 -9.9900000000000000e+002
 -9.9900000000000000e+002
 -9.9900000000000000e+002
 -9.9900000000000000e+002
 -9.9900000000000000e+002
 -9.9900000000000000e+002
 -9.9900000000000000e+002
 -9.9900000000000000e+002
 -9.9900000000000000e+002
 -9.9900000000000000e+002
 -9.9900000000000000e+002
 -9.9900000000000000e+002
 -9.9900000000000000e+002
 -9.9900000000000000e+002
 -9.9900000000000000e+002
 -9.9900000000000000e+002
 -9.9900000000000000e+002
 -9.9900000000000000e+002
 -9.9900000000000000e+002
 -9.9900000000000000e+002
 -9.9900000000000000e+002
 -9.9900000000000000e+002
  1.4884196574797506e+000
 -9.9900000000000000e+002
  1.6132503768375150e+000
 -9.9900000000000000e+002
 -9.9900000000000000e+002
 -9.9900000000000000e+002
 -9.9900000000000000e+002
 -9.9900000000000000e+002
 -9.9900000000000000e+002
 -9.9900000000000000e+002
 -9.9900000000000000e+002
 -9.9900000000000000e+002
 -9.9900000000000000e+002
 -9.9900000000000000e+002
 -9.9900000000000000e+002
 -9.9900000000000000e+002
 -9.9900000000000000e+002
 -9.9900000000000000e+002
  1.8234796410650609e+000
 -9.9900000000000000e+002
 -9.9900000000000000e+002
 -9.9900000000000000e+002
 -9.9900000000000000e+002
 -9.9900000000000000e+002
 -9.9900000000000000e+002
 -9.9900000000000000e+002
 -9.9900000000000000e+002
 -9.9900000000000000e+002
  1.8684878298618239e+000
 -9.9900000000000000e+002
 -9.9900000000000000e+002
 -9.9900000000000000e+002
  1.5820993655453766e+000
 -9.9900000000000000e+002
 -9.9900000000000000e+002
 -9.9900000000000000e+002
 -9.9900000000000000e+002
 -9.9900000000000000e+002
 -9.9900000000000000e+002
 -9.9900000000000000e+002
 -9.9900000000000000e+002
 -9.9900000000000000e+002
 -9.9900000000000000e+002
 -9.9900000000000000e+002
 -9.9900000000000000e+002
 -9.9900000000000000e+002
 -9.9900000000000000e+002
 -9.9900000000000000e+002
 -9.9900000000000000e+002
 -9.9900000000000000e+002
 -9.9900000000000000e+002
 -9.9900000000000000e+002
 -9.9900000000000000e+002
 -9.9900000000000000e+002
 -9.9900000000000000e+002
 -9.9900000000000000e+002
 -9.9900000000000000e+002
 -9.9900000000000000e+002
 -9.9900000000000000e+002
 -9.9900000000000000e+002
 -9.9900000000000000e+002
 -9.9900000000000000e+002
 -9.9900000000000000e+002
 -9.9900000000000000e+002
 -9.9900000000000000e+002
 -9.9900000000000000e+002
 -9.9900000000000000e+002
 -9.9900000000000000e+002
 -9.9900000000000000e+002
 -9.9900000000000000e+002
  1.4596203503208978e+000
 -9.9900000000000000e+002
  1.7350402674475482e+000
 -9.9900000000000000e+002
 -9.9900000000000000e+002
 -9.9900000000000000e+002
 -9.9900000000000000e+002
 -9.9900000000000000e+002
 -9.9900000000000000e+002
 -9.9900000000000000e+002
 -9.9900000000000000e+002
 -9.9900000000000000e+002
 -9.9900000000000000e+002
 -9.9900000000000000e+002
 -9.9900000000000000e+002
 -9.9900000000000000e+002
 -9.9900000000000000e+002
 -9.9900000000000000e+002
 -9.9900000000000000e+002
 -9.9900000000000000e+002
 -9.9900000000000000e+002
 -9.9900000000000000e+002
  1.9280558180535889e+000
 -9.9900000000000000e+002
 -9.9900000000000000e+002
 -9.9900000000000000e+002
 -9.9900000000000000e+002
 -9.9900000000000000e+002
 -9.9900000000000000e+002
 -9.9900000000000000e+002
 -9.9900000000000000e+002
 -9.9900000000000000e+002
 -9.9900000000000000e+002
 -9.9900000000000000e+002
 -9.9900000000000000e+002
 -9.9900000000000000e+002
 -9.9900000000000000e+002
 -9.9900000000000000e+002
 -9.9900000000000000e+002
 -9.9900000000000000e+002
 -9.9900000000000000e+002
 -9.9900000000000000e+002
  1.9058923653601023e+000
 -9.9900000000000000e+002
 -9.9900000000000000e+002
 -9.9900000000000000e+002
 -9.9900000000000000e+002
 -9.9900000000000000e+002
 -9.9900000000000000e+002
 -9.9900000000000000e+002
 -9.9900000000000000e+002
 -9.9900000000000000e+002
 -9.9900000000000000e+002
 -9.9900000000000000e+002
 -9.9900000000000000e+002
 -9.9900000000000000e+002
 -9.9900000000000000e+002
 -9.9900000000000000e+002
 -9.9900000000000000e+002
 -9.9900000000000000e+002
 -9.9900000000000000e+002
 -9.9900000000000000e+002
 -9.9900000000000000e+002
 -9.9900000000000000e+002
 -9.9900000000000000e+002
 -9.9900000000000000e+002
 -9.9900000000000000e+002
 -9.9900000000000000e+002
 -9.9900000000000000e+002
 -9.9900000000000000e+002
 -9.9900000000000000e+002
 -9.9900000000000000e+002
 -9.9900000000000000e+002
 -9.9900000000000000e+002
 -9.9900000000000000e+002
 -9.9900000000000000e+002
  7.7442633812614581e-001
 -9.9900000000000000e+002
 -9.9900000000000000e+002
 -9.9900000000000000e+002
 -9.9900000000000000e+002
 -9.9900000000000000e+002
 -9.9900000000000000e+002
 -9.9900000000000000e+002
 -9.9900000000000000e+002
 -9.9900000000000000e+002
 -9.9900000000000000e+002
 -9.9900000000000000e+002
 -9.9900000000000000e+002
 -9.9900000000000000e+002
 -9.9900000000000000e+002
 -9.9900000000000000e+002
 -9.9900000000000000e+002
 -9.9900000000000000e+002
 -9.9900000000000000e+002
 -9.9900000000000000e+002
  9.0212315918879027e-001
 -9.9900000000000000e+002
 -9.9900000000000000e+002
 -9.9900000000000000e+002
 -9.9900000000000000e+002
 -9.9900000000000000e+002
 -9.9900000000000000e+002
 -9.9900000000000000e+002
 -9.9900000000000000e+002
 -9.9900000000000000e+002
 -9.9900000000000000e+002
 -9.9900000000000000e+002
 -9.9900000000000000e+002
 -9.9900000000000000e+002
 -9.9900000000000000e+002
 -9.9900000000000000e+002
 -9.9900000000000000e+002
 -9.9900000000000000e+002
 -9.9900000000000000e+002
 -9.9900000000000000e+002
 -9.9900000000000000e+002
 -9.9900000000000000e+002
 -9.9900000000000000e+002
 -9.9900000000000000e+002
 -9.9900000000000000e+002
 -9.9900000000000000e+002
 -9.9900000000000000e+002
 -9.9900000000000000e+002
 -9.9900000000000000e+002
 -9.9900000000000000e+002
 -9.9900000000000000e+002
 -9.9900000000000000e+002
 -9.9900000000000000e+002
 -9.9900000000000000e+002
  1.2539077811949899e+000
 -9.9900000000000000e+002
 -9.9900000000000000e+002
 -9.9900000000000000e+002
 -9.9900000000000000e+002
 -9.9900000000000000e+002
 -9.9900000000000000e+002
 -9.9900000000000000e+002
 -9.9900000000000000e+002
 -9.9900000000000000e+002
 -9.9900000000000000e+002
 -9.9900000000000000e+002
 -9.9900000000000000e+002
 -9.9900000000000000e+002
 -9.9900000000000000e+002
 -9.9900000000000000e+002
 -9.9900000000000000e+002
 -9.9900000000000000e+002
 -9.9900000000000000e+002
 -9.9900000000000000e+002
 -9.9900000000000000e+002
 -9.9900000000000000e+002
 -9.9900000000000000e+002
 -9.9900000000000000e+002
 -9.9900000000000000e+002
 -9.9900000000000000e+002
 -9.9900000000000000e+002
 -9.9900000000000000e+002
 -9.9900000000000000e+002
 -9.9900000000000000e+002
 -9.9900000000000000e+002
 -9.9900000000000000e+002
 -9.9900000000000000e+002
 -9.9900000000000000e+002
 -9.9900000000000000e+002
 -9.9900000000000000e+002
 -9.9900000000000000e+002
 -9.9900000000000000e+002
 -9.9900000000000000e+002
 -9.9900000000000000e+002
  1.3839941428541052e+000
 -9.9900000000000000e+002
  1.7587254096908476e+000
 -9.9900000000000000e+002
 -9.9900000000000000e+002
 -9.9900000000000000e+002
 -9.9900000000000000e+002
 -9.9900000000000000e+002
 -9.9900000000000000e+002
 -9.9900000000000000e+002
 -9.9900000000000000e+002
 -9.9900000000000000e+002
 -9.9900000000000000e+002
 -9.9900000000000000e+002
 -9.9900000000000000e+002
 -9.9900000000000000e+002
 -9.9900000000000000e+002
 -9.9900000000000000e+002
  1.8288163971372335e+000
 -9.9900000000000000e+002
 -9.9900000000000000e+002
 -9.9900000000000000e+002
  1.9643877980256512e+000
 -9.9900000000000000e+002
 -9.9900000000000000e+002
 -9.9900000000000000e+002
 -9.9900000000000000e+002
 -9.9900000000000000e+002
 -9.9900000000000000e+002
 -9.9900000000000000e+002
 -9.9900000000000000e+002
 -9.9900000000000000e+002
  2.1078170844402835e+000
 -9.9900000000000000e+002
 -9.9900000000000000e+002
 -9.9900000000000000e+002
 -9.9900000000000000e+002
 -9.9900000000000000e+002
 -9.9900000000000000e+002
 -9.9900000000000000e+002
 -9.9900000000000000e+002
 -9.9900000000000000e+002
 -9.9900000000000000e+002
 -9.9900000000000000e+002
 -9.9900000000000000e+002
 -9.9900000000000000e+002
 -9.9900000000000000e+002
 -9.9900000000000000e+002
 -9.9900000000000000e+002
 -9.9900000000000000e+002
 -9.9900000000000000e+002
 -9.9900000000000000e+002
 -9.9900000000000000e+002
 -9.9900000000000000e+002
 -9.9900000000000000e+002
 -9.9900000000000000e+002
 -9.9900000000000000e+002
 -9.9900000000000000e+002
 -9.9900000000000000e+002
 -9.9900000000000000e+002
 -9.9900000000000000e+002
 -9.9900000000000000e+002
  2.0867445476069979e+000
 -9.9900000000000000e+002
 -9.9900000000000000e+002
 -9.9900000000000000e+002
 -9.9900000000000000e+002
  2.4109981922145058e+000
 -9.9900000000000000e+002
 -9.9900000000000000e+002
 -9.9900000000000000e+002
 -9.9900000000000000e+002
 -9.9900000000000000e+002
 -9.9900000000000000e+002
 -9.9900000000000000e+002
 -9.9900000000000000e+002
 -9.9900000000000000e+002
 -9.9900000000000000e+002
  1.8327721937981754e+000
  2.2986107414359500e+000
 -9.9900000000000000e+002
 -9.9900000000000000e+002
 -9.9900000000000000e+002
 -9.9900000000000000e+002
 -9.9900000000000000e+002
 -9.9900000000000000e+002
 -9.9900000000000000e+002
  2.5916330730015114e+000
 -9.9900000000000000e+002
  2.2788120831574123e+000
 -9.9900000000000000e+002
 -9.9900000000000000e+002
  2.0888477852339240e+000
 -9.9900000000000000e+002
 -9.9900000000000000e+002
 -9.9900000000000000e+002
  9.2801575922399504e-001
 -9.9900000000000000e+002
  2.0218992276666299e+000
  2.3478915591587572e+000
  1.4394303407756388e+000
 -9.9900000000000000e+002
  2.1871420049759513e+000
 -9.9900000000000000e+002
 -9.9900000000000000e+002
 -9.9900000000000000e+002
 -9.9900000000000000e+002
 -9.9900000000000000e+002
 -9.9900000000000000e+002
 -9.9900000000000000e+002
 -9.9900000000000000e+002
 -9.9900000000000000e+002
 -9.9900000000000000e+002
 -9.9900000000000000e+002
 -9.9900000000000000e+002
  4.8389179969984719e-001
 -9.9900000000000000e+002
 -9.9900000000000000e+002
  2.2500022707186202e+000
  2.3834955467945518e+000
  1.5703821747716287e+000
 -9.9900000000000000e+002
 -9.9900000000000000e+002
 -9.9900000000000000e+002
 -9.9900000000000000e+002
  4.7973093567097624e-001
  9.8918455143854078e-001
 -9.9900000000000000e+002
 -9.9900000000000000e+002
 -9.9900000000000000e+002
 -9.9900000000000000e+002
 -9.9900000000000000e+002
 -9.9900000000000000e+002
 -9.9900000000000000e+002
 -9.9900000000000000e+002
  5.5261600311335080e-001
  9.7534434143627979e-001
 -9.9900000000000000e+002
  2.4397820351887574e+000
  2.5867197733470029e+000
  1.8706332821482867e+000
 -9.9900000000000000e+002
 -9.9900000000000000e+002
 -9.9900000000000000e+002
 -9.9900000000000000e+002
 -9.9900000000000000e+002
  1.0533582599799407e+000
 -9.9900000000000000e+002
 -9.9900000000000000e+002
 -9.9900000000000000e+002
 -9.9900000000000000e+002
 -9.9900000000000000e+002
 -9.9900000000000000e+002
 -9.9900000000000000e+002
 -9.9900000000000000e+002
 -9.9900000000000000e+002
 -9.9900000000000000e+002
  2.5281190514851044e+000
 -9.9900000000000000e+002
  2.6627931066024990e+000
 -9.9900000000000000e+002
 -9.9900000000000000e+002
  2.1370643567618126e+000
 -9.9900000000000000e+002
 -9.9900000000000000e+002
 -9.9900000000000000e+002
  1.1212642261489467e+000
 -9.9900000000000000e+002
 -9.9900000000000000e+002
  2.7443981746383592e+000
  1.8649785434691539e+000
 -9.9900000000000000e+002
  2.2499154337349436e+000
 -9.9900000000000000e+002
 -9.9900000000000000e+002
 -9.9900000000000000e+002
 -9.9900000000000000e+002
 -9.9900000000000000e+002
 -9.9900000000000000e+002
 -9.9900000000000000e+002
 -9.9900000000000000e+002
 -9.9900000000000000e+002
  2.4116550171691977e+000
 -9.9900000000000000e+002
 -9.9900000000000000e+002
 -9.9900000000000000e+002
 -9.9900000000000000e+002
 -9.9900000000000000e+002
 -9.9900000000000000e+002
  2.6876762844940858e+000
 -9.9900000000000000e+002
 -9.9900000000000000e+002
 -9.9900000000000000e+002
 -9.9900000000000000e+002
 -9.9900000000000000e+002
 -9.9900000000000000e+002
 -9.9900000000000000e+002
 -9.9900000000000000e+002
 -9.9900000000000000e+002
 -9.9900000000000000e+002
 -9.9900000000000000e+002
 -9.9900000000000000e+002
 -9.9900000000000000e+002
 -9.9900000000000000e+002
 -9.9900000000000000e+002
 -9.9900000000000000e+002
  1.1751354552112332e+000
 -9.9900000000000000e+002
 -9.9900000000000000e+002
 -9.9900000000000000e+002
 -9.9900000000000000e+002
 -9.9900000000000000e+002
 -9.9900000000000000e+002
 -9.9900000000000000e+002
 -9.9900000000000000e+002
 -9.9900000000000000e+002
 -9.9900000000000000e+002
 -9.9900000000000000e+002
 -9.9900000000000000e+002
 -9.9900000000000000e+002
 -9.9900000000000000e+002
 -9.9900000000000000e+002
 -9.9900000000000000e+002
 -9.9900000000000000e+002
 -9.9900000000000000e+002
 -9.9900000000000000e+002
 -9.9900000000000000e+002
  2.6062025815168415e+000
 -9.9900000000000000e+002
 -9.9900000000000000e+002
 -9.9900000000000000e+002
 -9.9900000000000000e+002
 -9.9900000000000000e+002
 -9.9900000000000000e+002
 -9.9900000000000000e+002
 -9.9900000000000000e+002
 -9.9900000000000000e+002
 -9.9900000000000000e+002
 -9.9900000000000000e+002
 -9.9900000000000000e+002
 -9.9900000000000000e+002
 -9.9900000000000000e+002
 -9.9900000000000000e+002
 -9.9900000000000000e+002
 -9.9900000000000000e+002
 -9.9900000000000000e+002
  1.2925276012014211e+000
 -9.9900000000000000e+002
  2.4893260451630064e+000
 -9.9900000000000000e+002
 -9.9900000000000000e+002
 -9.9900000000000000e+002
 -9.9900000000000000e+002
 -9.9900000000000000e+002
 -9.9900000000000000e+002
 -9.9900000000000000e+002
 -9.9900000000000000e+002
 -9.9900000000000000e+002
 -9.9900000000000000e+002
 -9.9900000000000000e+002
  1.8300588536277160e+000
 -9.9900000000000000e+002
 -9.9900000000000000e+002
 -9.9900000000000000e+002
 -9.9900000000000000e+002
 -9.9900000000000000e+002
 -9.9900000000000000e+002
 -9.9900000000000000e+002
  2.5293957651105927e+000
 -9.9900000000000000e+002
  1.9135346813775638e+000
 -9.9900000000000000e+002
 -9.9900000000000000e+002
 -9.9900000000000000e+002
 -9.9900000000000000e+002
 -9.9900000000000000e+002
 -9.9900000000000000e+002
 -9.9900000000000000e+002
 -9.9900000000000000e+002
 -9.9900000000000000e+002
 -9.9900000000000000e+002
 -9.9900000000000000e+002
 -9.9900000000000000e+002
 -9.9900000000000000e+002
 -9.9900000000000000e+002
 -9.9900000000000000e+002
 -9.9900000000000000e+002
  2.5240173761281044e+000
 -9.9900000000000000e+002
 -9.9900000000000000e+002
 -9.9900000000000000e+002
 -9.9900000000000000e+002
 -9.9900000000000000e+002
 -9.9900000000000000e+002
 -9.9900000000000000e+002
 -9.9900000000000000e+002
  1.2818519904025318e+000
  2.7167214336318484e+000
 -9.9900000000000000e+002
 -9.9900000000000000e+002
 -9.9900000000000000e+002
 -9.9900000000000000e+002
 -9.9900000000000000e+002
 -9.9900000000000000e+002
 -9.9900000000000000e+002
 -9.9900000000000000e+002
 -9.9900000000000000e+002
 -9.9900000000000000e+002
  2.5678801517865635e+000
 -9.9900000000000000e+002
 -9.9900000000000000e+002
 -9.9900000000000000e+002
 -9.9900000000000000e+002
 -9.9900000000000000e+002
 -9.9900000000000000e+002
