 -1.3603878538023789e-002
  1.7390151173836306e-003
  1.3791895247281602e-002
  1.7889767245379138e-002
  1.4298880234861731e-002
 -5.0524000953571097e-003
  1.4406269245054597e-002
 -1.2406455067068735e-002
 -3.6116374349751158e-002
 -1.7181662067586912e-002
 -1.8504351842901955e-002
  2.0970151491241876e-002
 -1.4984841732155191e-002
  2.2830159358011921e-002
 -1.6641751704621635e-002
  2.6043073697508842e-002
 -8.5730764933588006e-003
  1.4637486691533847e-002
 -1.5080173484471134e-002
 -3.0614837023945761e-002
 -1.2194065561489933e-002
 -2.6986599714080944e-002
  3.7908657160053615e-002
  1.1706212005123794e-002
  8.8278155303381633e-003
 -3.1035281132795224e-002
 -4.2531859347230604e-002
  1.4482989024153944e-002
 -9.6691280493259955e-003
 -2.3880143460290625e-002
 -1.6581662486151279e-002
  1.2214426003748032e-002
 -1.4514147088661314e-002
  1.9804146715340754e-002
  9.8491829582179804e-003
 -2.6036299197177899e-003
  1.3022532552138158e-002
  2.6383469638134406e-002
 -7.3767924865972244e-003
 -1.0433220348706035e-003
 -2.1181021033874751e-002
 -5.7140316560574675e-003
  1.3541468673097121e-002
  2.3268902319596153e-002
  1.2602986765685560e-002
 -4.6829239201585347e-003
  1.4472400536808301e-002
 -2.8553093310346646e-002
  2.0460359984398640e-002
 -5.4186024734115629e-002
  1.4390008705398390e-002
  2.0359541231900688e-002
  1.4740810909040050e-004
 -1.8269377792482402e-002
 -1.7130272371283131e-002
 -1.5962207415606201e-002
 -1.9431309455930138e-002
  3.0514426650960114e-003
  3.4206158473324851e-003
 -4.8301535655993540e-003
  1.9629601187053983e-002
 -1.7917270519879579e-002
  1.3298864141604843e-002
 -4.1498536495392438e-003
  1.6835629257938044e-002
 -1.1170440517996720e-003
  3.4414036382353616e-002
 -5.2972728257729723e-002
 -2.9599853021466171e-002
 -4.6523635503794864e-004
  7.7947305297959471e-004
  3.3796410965082858e-003
  1.3441503674166345e-002
 -3.0314980899777275e-002
  1.1418226246708900e-002
 -1.4097832443308514e-002
  3.6499777259117907e-003
 -1.3994718581823641e-002
  3.9389373057752697e-003
 -4.0924674542042738e-002
  7.4000452637394713e-003
 -2.5746822592465798e-002
 -1.9575764919434600e-002
  3.8093413857883687e-002
 -1.4083347326426375e-002
 -8.8842146722452678e-003
  1.0407905636952505e-002
 -2.4518912384383296e-002
  1.1547519376213108e-002
 -1.6212541327095788e-002
  9.8560322141426956e-003
  2.8496252496724695e-003
  5.2675582296585538e-003
  2.8803098998619370e-002
  2.4558517308138773e-002
  2.2613525134520814e-002
  3.1063411934720696e-002
  1.9159484284017477e-002
 -8.8847042143603162e-003
  1.1968672448938296e-002
  1.1769695944097016e-002
  1.8640768221438776e-002
 -1.1151027693442783e-002
 -1.4745801062902303e-002
  1.5364044788428906e-002
  4.9981489880784699e-002
 -4.8639721715709409e-003
 -8.4804597701525573e-003
 -4.3385854054646865e-002
 -3.9265100548650012e-002
 -3.5358282383774038e-002
  1.3069578115505994e-002
 -1.0300870823059376e-002
 -1.5823406800041219e-002
  6.5182893349850848e-003
 -1.5649358733352628e-004
 -1.0482635435688031e-002
  1.9303604323440946e-002
  1.6432391845536676e-002
